val_rmse	neurons	num_hidden_layers	loss_function	batch_size
0.01166381873190403	200	6	mse	32
0.01169468555599451	150	5	mae	32
0.011940855532884598	200	5	mae	32
0.011957786045968533	400	5	mae	16
0.012358861975371838	400	5	mae	128
0.012414796277880669	50	6	mae	128
0.012712502852082253	400	5	mse	64
0.012922977097332478	400	4	mse	128
0.01364472508430481	600	4	mae	32
0.01370847038924694	600	5	mse	32
0.013896328397095203	900	3	mse	128
0.01415904238820076	400	4	mae	16
0.014230545610189438	400	3	mse	128
0.014484681189060211	600	6	mse	64
0.014822941273450851	150	5	mae	16
0.015359558165073395	400	3	mse	16
0.015758894383907318	100	3	mae	128
0.01587403006851673	300	3	mae	16
0.016080660745501518	900	4	mse	128
0.016098007559776306	200	4	mse	16
0.01700150966644287	200	3	mae	64
0.01734868250787258	400	4	mse	64
0.019520869478583336	150	4	mse	64
0.01974773220717907	150	6	mse	16
0.020609203726053238	200	3	mae	16
0.023556716740131378	50	4	mae	32
0.025493241846561432	150	3	mse	32
0.02929726615548134	20	3	mse	64
0.03381854295730591	150	2	mae	64
0.03688308969140053	20	3	mae	16
0.04281855374574661	20	2	mae	128
