0.086678
0.086678
0.086624
0.086624
0.086624
0.086517
0.086571
0.086517
0.086517
0.086463
0.086410
0.086410
0.086356
0.086356
0.086356
0.086356
0.086249
0.086249
0.086195
0.086195
0.086088
0.086088
0.086088
0.086088
0.086034
0.086034
0.086034
0.085980
0.085980
0.085927
0.085927
0.085927
0.085819
0.085819
0.085819
0.085766
0.085766
0.085766
0.085658
0.085658
0.085658
0.085605
0.085551
0.085551
0.085551
0.085497
0.085497
0.085444
0.085444
0.085337
0.085337
0.085337
0.085283
0.085283
0.085229
0.085229
0.085229
0.085122
0.085122
0.085122
0.085122
0.085068
0.085068
0.085015
0.085015
0.084961
0.084907
0.084907
0.084907
0.084854
0.084800
0.084800
0.084800
0.084746
0.084693
0.084639
0.084693
0.084639
0.084639
0.084585
0.084532
0.084532
0.084478
0.084478
0.084371
0.084371
0.084371
0.084371
0.084317
0.084317
0.084317
0.084263
0.084210
0.084210
0.084156
0.084156
0.084102
0.084049
0.084049
0.084049
0.084049
0.083995
0.083941
0.083941
0.083888
0.083834
0.083834
0.083834
0.083780
0.083780
0.083727
0.083727
0.083673
0.083673
0.083620
0.083620
0.083512
0.083512
0.083512
0.083512
0.083459
0.083405
0.083405
0.083405
0.083351
0.083351
0.083298
0.083298
0.083298
0.083244
0.083190
0.083137
0.083137
0.083137
0.083137
0.083083
0.083083
0.083029
0.082976
0.082976
0.082976
0.082976
0.082868
0.082868
0.082868
0.082761
0.082761
0.082708
0.082654
0.082654
0.082654
0.082654
0.082654
0.082600
0.082546
0.082546
0.082493
0.082493
0.082493
0.082439
0.082385
0.082332
0.082332
0.082332
0.082279
0.082279
0.082228
0.082228
0.082177
0.082177
0.082126
0.082126
0.082126
0.082075
0.082024
0.082024
0.082024
0.081973
0.081922
0.081922
0.081820
0.081820
0.081820
0.081820
0.081769
0.081769
0.081718
0.081718
0.081718
0.081667
0.081616
0.081616
0.081565
0.081616
0.081514
0.081514
0.081463
0.081463
0.081412
0.081412
0.081361
0.081361
0.081310
0.081310
0.081310
0.081259
0.081259
0.081209
0.081157
0.081106
0.081106
0.081106
0.081005
0.081005
0.081005
0.081005
0.081005
0.080953
0.080903
0.080903
0.080852
0.080852
0.080852
0.080801
0.080801
0.080750
0.080699
0.080699
0.080648
0.080648
0.080597
0.080597
0.080546
0.080546
0.080495
0.080495
0.080495
0.080444
0.080444
0.080393
0.080342
0.080291
0.080291
0.080240
0.080189
0.080189
0.080189
0.080189
0.080138
0.080138
0.080138
0.080087
0.080087
0.080036
0.080036
0.079985
0.079934
0.079934
0.079883
0.079883
0.079832
0.079883
0.079781
0.079781
0.079730
0.079730
0.079679
0.079679
0.079628
0.079628
0.079628
0.079526
0.079526
0.079526
0.079475
0.079475
0.079373
0.079373
0.079373
0.079373
0.079373
0.079322
0.079271
0.079271
0.079271
0.079220
0.079220
0.079169
0.079118
0.079118
0.079067
0.079067
0.079016
0.079016
0.078965
0.078965
0.078965
0.078914
0.078863
0.078863
0.078812
0.078812
0.078863
0.078761
0.078761
0.078710
0.078659
0.078659
0.078557
0.078557
0.078557
0.078557
0.078557
0.078506
0.078455
0.078455
0.078455
0.078404
0.078404
0.078353
0.078303
0.078251
0.078251
0.078251
0.078251
0.078200
0.078150
0.078150
0.078099
0.078099
0.078043
0.078043
0.077982
0.077982
0.077921
0.077860
0.077921
0.077860
0.077860
0.077799
0.077677
0.077677
0.077677
0.077677
0.077677
0.077617
0.077556
0.077556
0.077556
0.077494
0.077494
0.077434
0.077434
0.077373
0.077312
0.077312
0.077251
0.077251
0.077190
0.077190
0.077129
0.077068
0.077068
0.077068
0.077068
0.077007
0.077007
0.076946
0.076946
0.076885
0.076824
0.076824
0.076702
0.076702
0.076702
0.076702
0.076702
0.076581
0.076581
0.076581
0.076581
0.076519
0.076519
0.076458
0.076458
0.076337
0.076337
0.076337
0.076337
0.076276
0.076276
0.076215
0.076215
0.076093
0.076093
0.076093
0.076032
0.076093
0.076032
0.075971
0.075910
0.075910
0.075910
0.075727
0.075727
0.075727
0.075727
0.075727
0.075666
0.075666
0.075605
0.075605
0.075544
0.075544
0.075483
0.075483
0.075483
0.075422
0.075362
0.075362
0.075362
0.075301
0.075239
0.075239
0.075239
0.075179
0.075118
0.075118
0.075118
0.075057
0.075057
0.074996
0.074996
0.074996
0.074882
0.074788
0.074788
0.074788
0.074788
0.074788
0.074741
0.074741
0.074741
0.074694
0.074647
0.074647
0.074601
0.074601
0.074601
0.074554
0.074507
0.074507
0.074507
0.074460
0.074413
0.074413
0.074366
0.074366
0.074319
0.074319
0.074319
0.074273
0.074226
0.074226
0.074179
0.074132
0.074132
0.074132
0.074132
0.074038
0.074038
0.074038
0.073991
0.073991
0.073945
0.073945
0.073945
0.073898
0.073851
0.073898
0.073804
0.073804
0.073757
0.073757
0.073710
0.073710
0.073663
0.073663
0.073663
0.073616
0.073570
0.073570
0.073523
0.073523
0.073523
0.073476
0.073476
0.073429
0.073382
0.073382
0.073289
0.073289
0.073289
0.073289
0.073242
0.073242
0.073195
0.073195
0.073195
0.073148
0.073148
0.073101
0.073101
0.073007
0.073054
0.073007
0.072960
0.072960
0.072960
0.072913
0.072867
0.072820
0.072867
0.072820
0.072773
0.072773
0.072773
0.072726
0.072679
0.072679
0.072632
0.072539
0.072585
0.072539
0.072539
0.072539
0.072492
0.072445
0.072445
0.072445
0.072445
0.072398
0.072398
0.072351
0.072304
0.072304
0.072257
0.072257
0.072257
0.072211
0.072164
0.072164
0.072117
0.072117
0.072070
0.072070
0.072070
0.072023
0.072023
0.071976
0.071929
0.071883
0.071929
0.071883
0.071789
0.071789
0.071789
0.071789
0.071789
0.071695
0.071695
0.071695
0.071695
0.071648
0.071601
0.071601
0.071555
0.071555
0.071508
0.071508
0.071461
0.071461
0.071414
0.071414
0.071367
0.071320
0.071320
0.071320
0.071320
0.071273
0.071226
0.071226
0.071226
0.071180
0.071133
0.071039
0.071039
0.071039
0.071039
0.071039
0.070992
0.070992
0.070945
0.070945
0.070898
0.070898
0.070852
0.070852
0.070805
0.070805
0.070758
0.070758
0.070758
0.070711
0.070664
0.070664
0.070617
0.070617
0.070570
0.070570
0.070570
0.070570
0.070477
0.070477
0.070430
0.070430
0.070383
0.070383
0.070289
0.070289
0.070289
0.070289
0.070242
0.070242
0.070196
0.070196
0.070149
0.070149
0.070149
0.070102
0.070102
0.070055
0.070008
0.070008
0.070008
0.069961
0.069914
0.069914
0.069867
0.069867
0.069867
0.069821
0.069774
0.069774
0.069774
0.069727
0.069727
0.069680
0.069633
0.069633
0.069633
0.069540
0.069540
0.069540
0.069493
0.069493
0.069446
0.069446
0.069446
0.069399
0.069399
0.069399
0.069352
0.069305
0.069258
0.069258
0.069211
0.069211
0.069211
0.069165
0.069165
0.069118
0.069071
0.069071
0.069071
0.069024
0.069024
0.069024
0.068977
0.068930
0.068930
0.068883
0.068883
0.068883
0.068790
0.068790
0.068790
0.068790
0.068696
0.068696
0.068696
0.068649
0.068649
0.068649
0.068602
0.068555
0.068555
0.068555
0.068508
0.068462
0.068415
0.068415
0.068415
0.068368
0.068321
0.068321
0.068321
0.068321
0.068274
0.068274
0.068227
0.068180
0.068134
0.068134
0.068040
0.068040
0.068040
0.068040
0.068040
0.067993
0.067946
0.067946
0.067946
0.067946
0.067899
0.067899
0.067806
0.067852
0.067759
0.067759
0.067759
0.067722
0.067722
0.067714
0.067714
0.067707
0.067707
0.067700
0.067700
0.067693
0.067693
0.067693
0.067685
0.067678
0.067678
0.067671
0.067671
0.067656
0.067656
0.067656
0.067656
0.067642
0.067649
0.067642
0.067642
0.067635
0.067635
0.067635
0.067627
0.067627
0.067620
0.067613
0.067613
0.067605
0.067605
0.067598
0.067591
0.067598
0.067584
0.067584
0.067584
0.067577
0.067577
0.067569
0.067562
0.067562
0.067562
0.067555
0.067555
0.067540
0.067540
0.067540
0.067533
0.067540
0.067533
0.067526
0.067526
0.067518
0.067518
0.067511
0.067511
0.067504
0.067504
0.067496
0.067496
0.067489
0.067489
0.067482
0.067482
0.067482
0.067468
0.067468
0.067468
0.067460
0.067460
0.067453
0.067453
0.067453
0.067446
0.067446
0.067438
0.067424
0.067424
0.067424
0.067424
0.067424
0.067417
0.067409
0.067402
0.067402
0.067402
0.067402
0.067395
0.067395
0.067388
0.067380
0.067380
0.067380
0.067373
0.067366
0.067366
0.067366
0.067359
0.067351
0.067344
0.067344
0.067344
0.067344
0.067337
0.067329
0.067322
0.067322
0.067322
0.067308
0.067308
0.067308
0.067308
0.067301
0.067301
0.067293
0.067293
0.067293
0.067286
0.067279
0.067286
0.067279
0.067272
0.067264
0.067264
0.067257
0.067257
0.067257
0.067250
0.067242
0.067242
0.067235
0.067235
0.067235
0.067228
0.067228
0.067221
0.067213
0.067213
0.067206
0.067206
0.067192
0.067192
0.067192
0.067192
0.067184
0.067192
0.067177
0.067177
0.067170
0.067170
0.067170
0.067162
0.067155
0.067155
0.067148
0.067148
0.067141
0.067141
0.067141
0.067133
0.067126
0.067126
0.067119
0.067119
0.067119
0.067112
0.067112
0.067104
0.067104
0.067097
0.067090
0.067090
0.067075
0.067075
0.067075
0.067075
0.067068
0.067061
0.067061
0.067061
0.067054
0.067054
0.067046
0.067046
0.067039
0.067039
0.067039
0.067024
0.067024
0.067017
0.067017
0.067010
0.067010
0.067017
0.067003
0.067003
0.066995
0.066995
0.066995
0.066988
0.066988
0.066981
0.066974
0.066974
0.066959
0.066959
0.066959
0.066959
0.066952
0.066952
0.066944
0.066944
0.066937
0.066937
0.066937
0.066930
0.066923
0.066923
0.066915
0.066915
0.066908
0.066908
0.066901
0.066901
0.066894
0.066894
0.066894
0.066886
0.066886
0.066879
0.066879
0.066872
0.066865
0.066865
0.066865
0.066857
0.066857
0.066843
0.066843
0.066843
0.066836
0.066828
0.066828
0.066828
0.066828
0.066821
0.066821
0.066821
0.066806
0.066806
0.066799
0.066799
0.066799
0.066792
0.066792
0.066785
0.066777
0.066777
0.066770
0.066770
0.066770
0.066763
0.066763
0.066756
0.066749
0.066749
0.066741
0.066727
0.066727
0.066727
0.066727
0.066727
0.066719
0.066712
0.066719
0.066712
0.066712
0.066705
0.066705
0.066698
0.066698
0.066690
0.066683
0.066683
0.066683
0.066676
0.066669
0.066669
0.066661
0.066654
0.066654
0.066654
0.066654
0.066647
0.066647
0.066639
0.066632
0.066632
0.066625
0.066625
0.066625
0.066610
0.066610
0.066610
0.066610
0.066603
0.066596
0.066596
0.066589
0.066589
0.066581
0.066581
0.066574
0.066567
0.066567
0.066567
0.066559
0.066559
0.066552
0.066552
0.066545
0.066538
0.066538
0.066538
0.066531
0.066531
0.066531
0.066523
0.066523
0.066516
0.066509
0.066509
0.066509
0.066494
0.066494
0.066494
0.066487
0.066487
0.066480
0.066480
0.066480
0.066465
0.066465
0.066465
0.066465
0.066451
0.066451
0.066451
0.066443
0.066443
0.066443
0.066436
0.066429
0.066429
0.066422
0.066422
0.066422
0.066422
0.066407
0.066407
0.066407
0.066400
0.066392
0.066392
0.066392
0.066378
0.066378
0.066378
0.066378
0.066371
0.066364
0.066356
0.066364
0.066356
0.066356
0.066349
0.066342
0.066334
0.066334
0.066334
0.066327
0.066327
0.066320
0.066320
0.066320
0.066313
0.066305
0.066305
0.066305
0.066298
0.066298
0.066291
0.066284
0.066276
0.066276
0.066276
0.066262
0.066262
0.066262
0.066262
0.066255
0.066247
0.066247
0.066247
0.066247
0.066240
0.066233
0.066233
0.066233
0.066226
0.066218
0.066218
0.066211
0.066211
0.066211
0.066203
0.066203
0.066194
0.066184
0.066184
0.066184
0.066175
0.066165
0.066165
0.066156
0.066146
0.066146
0.066146
0.066146
0.066128
0.066128
0.066128
0.066118
0.066118
0.066108
0.066108
0.066108
0.066099
0.066099
0.066090
0.066080
0.066080
0.066071
0.066071
0.066061
0.066061
0.066052
0.066052
0.066052
0.066042
0.066033
0.066033
0.066023
0.066023
0.066023
0.066014
0.066004
0.065995
0.065995
0.065976
0.065995
0.065976
0.065976
0.065976
0.065976
0.065967
0.065957
0.065957
0.065957
0.065948
0.065948
0.065938
0.065929
0.065919
0.065919
0.065919
0.065910
0.065910
0.065900
0.065900
0.065891
0.065891
0.065881
0.065881
0.065872
0.065872
0.065872
0.065862
0.065853
0.065844
0.065844
0.065844
0.065844
0.065825
0.065825
0.065825
0.065815
0.065815
0.065806
0.065806
0.065796
0.065796
0.065796
0.065787
0.065777
0.065768
0.065768
0.065768
0.065758
0.065749
0.065749
0.065749
0.065739
0.065739
0.065730
0.065730
0.065721
0.065721
0.065711
0.065711
0.065702
0.065702
0.065692
0.065674
0.065674
0.065674
0.065674
0.065674
0.065674
0.065655
0.065655
0.065655
0.065655
0.065645
0.065645
0.065636
0.065626
0.065626
0.065617
0.065617
0.065607
0.065607
0.065598
0.065598
0.065588
0.065588
0.065579
0.065579
0.065579
0.065570
0.065570
0.065560
0.065560
0.065541
0.065541
0.065541
0.065541
0.065522
0.065522
0.065522
0.065513
0.065513
0.065503
0.065503
0.065503
0.065494
0.065494
0.065484
0.065484
0.065484
0.065465
0.065465
0.065456
0.065456
0.065446
0.065446
0.065446
0.065428
0.065428
0.065428
0.065418
0.065418
0.065409
0.065409
0.065409
0.065399
0.065390
0.065390
0.065371
0.065371
0.065371
0.065371
0.065371
0.065361
0.065352
0.065352
0.065343
0.065343
0.065343
0.065333
0.065323
0.065323
0.065314
0.065314
0.065305
0.065305
0.065295
0.065295
0.065286
0.065286
0.065276
0.065276
0.065276
0.065267
0.065267
0.065257
0.065248
0.065248
0.065238
0.065238
0.065219
0.065219
0.065219
0.065219
0.065210
0.065210
0.065201
0.065201
0.065191
0.065191
0.065191
0.065182
0.065182
0.065163
0.065163
0.065163
0.065153
0.065153
0.065153
0.065144
0.065134
0.065134
0.065125
0.065125
0.065115
0.065115
0.065115
0.065106
0.065106
0.065097
0.065087
0.065087
0.065068
0.065068
0.065068
0.065068
0.065068
0.065068
0.065059
0.065049
0.065049
0.065040
0.065030
0.065030
0.065021
0.065021
0.065011
0.065011
0.065002
0.065002
0.065002
0.065002
0.064993
0.064983
0.064974
0.064974
0.064964
0.064974
0.064964
0.064955
0.064955
0.064945
0.064936
0.064936
0.064917
0.064917
0.064917
0.064917
0.064907
0.064907
0.064898
0.064898
0.064898
0.064888
0.064879
0.064870
0.064870
0.064870
0.064860
0.064860
0.064851
0.064851
0.064841
0.064841
0.064832
0.064822
0.064822
0.064822
0.064813
0.064813
0.064803
0.064803
0.064794
0.064794
0.064784
0.064784
0.064784
0.064766
0.064766
0.064766
0.064766
0.064756
0.064746
0.064746
0.064737
0.064737
0.064737
0.064727
0.064718
0.064718
0.064718
0.064709
0.064699
0.064699
0.064699
0.064690
0.064690
0.064680
0.064671
0.064671
0.064661
0.064661
0.064661
0.064652
0.064642
0.064642
0.064633
0.064633
0.064614
0.064614
0.064614
0.064614
0.064605
0.064605
0.064595
0.064595
0.064595
0.064586
0.064586
0.064576
0.064576
0.064557
0.064557
0.064557
0.064557
0.064548
0.064538
0.064538
0.064529
0.064529
0.064519
0.064519
0.064510
0.064510
0.064510
0.064500
0.064491
0.064482
0.064482
0.064482
0.064463
0.064463
0.064463
0.064463
0.064453
0.064453
0.064444
0.064444
0.064444
0.064434
0.064425
0.064425
0.064425
0.064415
0.064406
0.064406
0.064396
0.064396
0.064387
0.064387
0.064378
0.064368
0.064368
0.064368
0.064368
0.064359
0.064359
0.064349
0.064340
0.064330
0.064330
0.064330
0.064295
0.064295
0.064295
0.064261
0.064261
0.064018
0.064261
0.063775
0.063775
0.063775
0.063532
0.063289
0.063289
0.063289
0.063046
0.063046
0.063046
0.062560
0.062560
0.062560
0.062317
0.062074
0.062074
0.062074
0.061830
0.061830
0.061830
0.061587
0.061344
0.061344
0.061101
0.061101
0.060615
0.060615
0.060615
0.060615
0.060615
0.060129
0.060129
0.060129
0.059865
0.059865
0.059865
0.059596
0.059327
0.059058
0.059058
0.059058
0.059058
0.058788
0.058519
0.058519
0.058250
0.058250
0.058250
0.057981
0.057712
0.057712
0.057443
0.057443
0.057443
0.057443
0.056905
0.056905
0.056366
0.056366
0.056366
0.056366
0.056366
0.056097
0.055828
0.055828
0.055559
0.055290
0.055559
0.055290
0.055290
0.054752
0.054752
0.054752
0.054752
0.054483
0.054483
0.054214
0.054214
0.053944
0.053675
0.053675
0.053406
0.053406
0.053137
0.053137
0.052868
0.052868
0.052599
0.052061
0.052061
0.052061
0.052061
0.052061
0.051792
0.051792
0.051522
0.051522
0.051253
0.051253
0.051253
0.050984
0.050984
0.050715
0.050446
0.050446
0.050177
0.049908
0.049908
0.049908
0.049908
0.049639
0.049369
0.049369
0.049369
0.049100
0.048831
0.048831
0.048562
0.048562
0.048293
0.048293
0.047755
0.048293
0.047755
0.047755
0.047485
0.047485
0.047217
0.047217
0.047217
0.047217
0.046948
0.046948
0.046948
0.046678
0.046409
0.046140
0.046140
0.045871
0.045602
0.045602
0.045602
0.045333
0.045333
0.045064
0.045064
0.044795
0.044795
0.044795
0.044526
0.044526
0.044256
0.043987
0.043449
0.043449
0.043449
0.043449
0.043180
0.042911
0.043180
0.042911
0.042911
0.042911
0.042642
0.042642
0.042372
0.042103
0.042103
0.041834
0.041834
0.041565
0.041565
0.041296
0.041296
0.041027
0.041027
0.041027
0.040758
0.040489
0.040489
0.040219
0.040219
0.040219
0.040219
0.039681
0.039681
0.039681
0.039143
0.039143
0.039143
0.038874
0.038874
0.038605
0.038605
0.038605
0.038336
0.038336
0.038067
0.037797
0.037528
0.037528
0.037528
0.037259
0.037259
0.036990
0.036990
0.036990
0.036721
0.036721
0.036452
0.036452
0.036183
0.036183
0.036183
0.035914
0.035645
0.035376
0.035376
0.034837
0.034837
0.034837
0.034837
0.034837
0.034568
0.034299
0.034299
0.034030
0.034030
0.034030
0.033761
0.033761
0.033492
0.033222
0.033222
0.032954
0.032954
0.032684
0.032684
0.032415
0.032415
0.032415
0.032146
0.031877
0.031877
0.031877
0.031339
0.031339
0.031339
0.031339
0.031070
0.030531
0.030531
0.030531
0.030531
0.030531
0.030262
0.029993
0.029993
0.029993
0.029724
0.029724
0.029455
0.029186
0.028917
0.028917
0.028917
0.028648
0.028648
0.028648
0.028379
0.028110
0.027840
0.027840
0.027571
0.027571
0.027571
0.027302
0.027302
0.027033
0.027302
0.026764
0.026764
0.026226
0.026226
0.026226
0.026226
0.026226
0.026226
0.025687
0.025687
0.025687
0.025418
0.025418
0.025149
0.024880
0.024612
0.024880
0.024880
0.024343
0.024343
0.024075
0.024075
0.024075
0.023806
0.023537
0.023537
0.023537
0.023268
0.023268
0.023000
0.023000
0.022463
0.022463
0.022463
0.021925
0.021925
0.021925
0.021925
0.021656
0.021388
0.021388
0.021388
0.021119
0.021119
0.021119
0.020850
0.020582
0.020582
0.020313
0.020313
0.020044
0.020044
0.019776
0.019776
0.019507
0.019507
0.019238
0.019238
0.019238
0.018970
0.018701
0.018701
0.018701
0.018432
0.018432
0.018164
0.017627
0.017627
0.017627
0.017627
0.017627
0.017358
0.017089
0.017089
0.017089
0.016820
0.016820
0.016552
0.016552
0.016283
0.016015
0.016015
0.016015
0.015746
0.015477
0.015477
0.015208
0.015208
0.014940
0.014940
0.014671
0.014671
0.014671
0.014402
0.014134
0.014134
0.013865
0.013328
0.013865
0.013328
0.013328
0.013328
0.013328
0.013059
0.012791
0.012791
0.012522
0.012522
0.012253
0.012253
0.011985
0.011985
0.011716
0.011716
0.011716
0.011447
0.011179
0.011179
0.010910
0.010641
0.010641
0.010641
0.010373
0.010373
0.010373
0.010104
0.009835
0.009835
0.009567
0.009567
0.009029
0.009029
0.009029
0.008761
0.008761
0.008492
0.008492
0.008492
0.008223
0.008223
0.007955
0.008223
0.007686
0.007417
0.007417
0.007417
0.007149
0.007149
0.007149
0.006880
0.006611
0.006342
0.006342
0.006342
0.006342
0.006074
0.006074
0.005805
0.005805
0.005537
0.005268
0.005268
0.004731
0.004731
0.004731
0.004731
0.004462
0.004193
0.004193
0.004193
0.004193
0.003925
0.003925
0.003656
0.003387
0.003387
0.003387
0.003119
0.002850
0.002850
0.002850
0.002581
0.002581
0.002313
0.002044
0.002044
0.002044
0.001775
0.001775
0.001507
0.001507
0.000970
0.000970
0.000970
0.000432
0.000432
0.000432
0.000432
0.000432
-0.000105
-0.000105
-0.000105
-0.000374
-0.000374
-0.000374
-0.000642
-0.000374
-0.000911
-0.001180
-0.001180
-0.001449
-0.001449
-0.001449
-0.001717
-0.001717
-0.001986
-0.002254
-0.002254
-0.002254
-0.002523
-0.002792
-0.002792
-0.003060
-0.003329
-0.003329
-0.003329
-0.003866
-0.003866
-0.003866
-0.003866
-0.004135
-0.004135
-0.004135
-0.004672
-0.004404
-0.004672
-0.004672
-0.004941
-0.005210
-0.005479
-0.005479
-0.005479
-0.005747
-0.005747
-0.006016
-0.006016
-0.006016
-0.006284
-0.006553
-0.006553
-0.006822
-0.006822
-0.006822
-0.007090
-0.007090
-0.007628
-0.007628
-0.008165
-0.008165
-0.008165
-0.008165
-0.008165
-0.008165
-0.008434
-0.008702
-0.008702
-0.008702
-0.008971
-0.008971
-0.009240
-0.009240
-0.009508
-0.009777
-0.009777
-0.009777
-0.010046
-0.010314
-0.010314
-0.010314
-0.010583
-0.010852
-0.010852
-0.010852
-0.011120
-0.011120
-0.011389
-0.011658
-0.011389
-0.011926
-0.011926
-0.012464
-0.012464
-0.012464
-0.012464
-0.012732
-0.012732
-0.013001
-0.013001
-0.013001
-0.013269
-0.013538
-0.013538
-0.013807
-0.014076
-0.014076
-0.014345
-0.014076
-0.014345
-0.014613
-0.014613
-0.014613
-0.014882
-0.014882
-0.015150
-0.015150
-0.015419
-0.015419
-0.015688
-0.015688
-0.015956
-0.016225
-0.016225
-0.016762
-0.016762
-0.016762
-0.016762
-0.016762
-0.016762
-0.017300
-0.017300
-0.017568
-0.017568
-0.017568
-0.017837
-0.017837
-0.018105
-0.018374
-0.018374
-0.018374
-0.018643
-0.018912
-0.018912
-0.019180
-0.019449
-0.019449
-0.019449
-0.019449
-0.019718
-0.019986
-0.019986
-0.019986
-0.020255
-0.020524
-0.020524
-0.021061
-0.021061
-0.021061
-0.021061
-0.021330
-0.021330
-0.021330
-0.021598
-0.021598
-0.021867
-0.021867
-0.022135
-0.022404
-0.022404
-0.022673
-0.022673
-0.022673
-0.022673
-0.022942
-0.023210
-0.023210
-0.023479
-0.023747
-0.023747
-0.023747
-0.024016
-0.024016
-0.024285
-0.024553
-0.024553
-0.024822
-0.024822
-0.025359
-0.025359
-0.025359
-0.025359
-0.025359
-0.025897
-0.025897
-0.025897
-0.025897
-0.026165
-0.026165
-0.026434
-0.026703
-0.026703
-0.026703
-0.026971
-0.027240
-0.027509
-0.027509
-0.027509
-0.028046
-0.027777
-0.028046
-0.028046
-0.028315
-0.028315
-0.028315
-0.028583
-0.028852
-0.028852
-0.029121
-0.029121
-0.029121
-0.029658
-0.029658
-0.029658
-0.029927
-0.029927
-0.030196
-0.030196
-0.030196
-0.030464
-0.030464
-0.030732
-0.030732
-0.031270
-0.031270
-0.031270
-0.031539
-0.031539
-0.031807
-0.031807
-0.031807
-0.032076
-0.032076
-0.032345
-0.032613
-0.032613
-0.032613
-0.033115
-0.033115
-0.033115
-0.033168
-0.033168
-0.033274
-0.033274
-0.033274
-0.033274
-0.033327
-0.033327
-0.033380
-0.033380
-0.033433
-0.033433
-0.033433
-0.033486
-0.033539
-0.033539
-0.033539
-0.033592
-0.033645
-0.033645
-0.033698
-0.033698
-0.033698
-0.033804
-0.033804
-0.033804
-0.033804
-0.033856
-0.033856
-0.033909
-0.033962
-0.033909
-0.034015
-0.034015
-0.034015
-0.034121
-0.034121
-0.034121
-0.034121
-0.034227
-0.034227
-0.034280
-0.034280
-0.034280
-0.034280
-0.034333
-0.034386
-0.034386
-0.034439
-0.034439
-0.034492
-0.034492
-0.034545
-0.034492
-0.034545
-0.034545
-0.034651
-0.034651
-0.034703
-0.034703
-0.034757
-0.034757
-0.034809
-0.034809
-0.034862
-0.034968
-0.034968
-0.034968
-0.034968
-0.034968
-0.035021
-0.035021
-0.035021
-0.035074
-0.035074
-0.035127
-0.035127
-0.035180
-0.035233
-0.035286
-0.035286
-0.035286
-0.035286
-0.035339
-0.035392
-0.035443
-0.035392
-0.035443
-0.035493
-0.035493
-0.035543
-0.035543
-0.035593
-0.035543
-0.035644
-0.035694
-0.035694
-0.035694
-0.035694
-0.035795
-0.035795
-0.035795
-0.035845
-0.035895
-0.035895
-0.035895
-0.035895
-0.035895
-0.035945
-0.035996
-0.035996
-0.036046
-0.036096
-0.036096
-0.036147
-0.036147
-0.036147
-0.036197
-0.036247
-0.036247
-0.036297
-0.036297
-0.036297
-0.036348
-0.036348
-0.036348
-0.036398
-0.036448
-0.036498
-0.036599
-0.036498
-0.036599
-0.036599
-0.036599
-0.036649
-0.036700
-0.036700
-0.036700
-0.036750
-0.036750
-0.036750
-0.036800
-0.036800
-0.036851
-0.036901
-0.036901
-0.036901
-0.036951
-0.037001
-0.037001
-0.037001
-0.037102
-0.037102
-0.037102
-0.037102
-0.037152
-0.037202
-0.037202
-0.037253
-0.037253
-0.037303
-0.037303
-0.037404
-0.037404
-0.037404
-0.037404
-0.037454
-0.037504
-0.037504
-0.037504
-0.037504
-0.037554
-0.037554
-0.037605
-0.037655
-0.037705
-0.037705
-0.037705
-0.037755
-0.037755
-0.037806
-0.037806
-0.037806
-0.037856
-0.037906
-0.037906
-0.037906
-0.037956
-0.037956
-0.038007
-0.038057
-0.038057
-0.038107
-0.038107
-0.038107
-0.038208
-0.038208
-0.038208
-0.038208
-0.038308
-0.038308
-0.038308
-0.038359
-0.038359
-0.038409
-0.038409
-0.038409
-0.038510
-0.038459
-0.038510
-0.038560
-0.038560
-0.038610
-0.038610
-0.038610
-0.038660
-0.038660
-0.038711
-0.038761
-0.038761
-0.038811
-0.038811
-0.038811
-0.038912
-0.038912
-0.038912
-0.038912
-0.039012
-0.039012
-0.039012
-0.039012
-0.039113
-0.039113
-0.039113
-0.039113
-0.039163
-0.039163
-0.039213
-0.039264
-0.039264
-0.039314
-0.039314
-0.039314
-0.039364
-0.039364
-0.039415
-0.039415
-0.039465
-0.039515
-0.039515
-0.039565
-0.039565
-0.039565
-0.039616
-0.039666
-0.039666
-0.039716
-0.039716
-0.039817
-0.039817
-0.039817
-0.039817
-0.039867
-0.039867
-0.039917
-0.039917
-0.039917
-0.039968
-0.039968
-0.040018
-0.040068
-0.040068
-0.040118
-0.040169
-0.040169
-0.040169
-0.040169
-0.040219
-0.040269
-0.040320
-0.040320
-0.040320
-0.040370
-0.040370
-0.040370
-0.040370
-0.040521
-0.040470
-0.040521
-0.040521
-0.040621
-0.040621
-0.040621
-0.040621
-0.040671
-0.040671
-0.040722
-0.040722
-0.040772
-0.040772
-0.040822
-0.040822
-0.040873
-0.040923
-0.040923
-0.040923
-0.040923
-0.041023
-0.040973
-0.041023
-0.041023
-0.041124
-0.041124
-0.041124
-0.041174
-0.041174
-0.041224
-0.041224
-0.041275
-0.041275
-0.041325
-0.041325
-0.041426
-0.041426
-0.041426
-0.041426
-0.041426
-0.041526
-0.041526
-0.041526
-0.041576
-0.041576
-0.041576
-0.041627
-0.041677
-0.041677
-0.041727
-0.041727
-0.041777
-0.041777
-0.041777
-0.041828
-0.041828
-0.041878
-0.041928
-0.041928
-0.041979
-0.041979
-0.041979
-0.042029
-0.042029
-0.042029
-0.042230
-0.042129
-0.042129
-0.042230
-0.042230
-0.042230
-0.042280
-0.042280
-0.042330
-0.042330
-0.042330
-0.042381
-0.042431
-0.042381
-0.042431
-0.042481
-0.042481
-0.042532
-0.042532
-0.042582
-0.042582
-0.042632
-0.042682
-0.042682
-0.042733
-0.042733
-0.042733
-0.042733
-0.042783
-0.042833
-0.042833
-0.042884
-0.042934
-0.042934
-0.043034
-0.043034
-0.043034
-0.043084
-0.043034
-0.043084
-0.043135
-0.043135
-0.043135
-0.043185
-0.043235
-0.043235
-0.043235
-0.043286
-0.043336
-0.043336
-0.043336
-0.043386
-0.043437
-0.043437
-0.043437
-0.043487
-0.043537
-0.043537
-0.043537
-0.043587
-0.043587
-0.043638
-0.043638
-0.043738
-0.043738
-0.043738
-0.043839
-0.043839
-0.043839
-0.043839
-0.043889
-0.043939
-0.043939
-0.043939
-0.043939
-0.043989
-0.043939
-0.044040
-0.044040
-0.044140
-0.044090
-0.044090
-0.044140
-0.044191
-0.044191
-0.044241
-0.044241
-0.044241
-0.044342
-0.044342
-0.044342
-0.044342
-0.044392
-0.044442
-0.044442
-0.044442
-0.044492
-0.044543
-0.044643
-0.044643
-0.044643
-0.044643
-0.044643
-0.044694
-0.044694
-0.044744
-0.044744
-0.044794
-0.044794
-0.044794
-0.044844
-0.044794
-0.044895
-0.044945
-0.044945
-0.044995
-0.044995
-0.045045
-0.045045
-0.045045
-0.045146
-0.045146
-0.045146
-0.045196
-0.045196
-0.045246
-0.045246
-0.045246
-0.045347
-0.045347
-0.045448
-0.045448
-0.045448
-0.045448
-0.045448
-0.045498
-0.045498
-0.045548
-0.045548
-0.045598
-0.045598
-0.045598
-0.045649
-0.045649
-0.045699
-0.045749
-0.045749
-0.045799
-0.045799
-0.045850
-0.045850
-0.045900
-0.045950
-0.045900
-0.045950
-0.045950
-0.046001
-0.046001
-0.046051
-0.046051
-0.046101
-0.046151
-0.046151
-0.046252
-0.046252
-0.046252
-0.046252
-0.046252
-0.046353
-0.046353
-0.046353
-0.046403
-0.046403
-0.046403
-0.046403
-0.046453
-0.046503
-0.046554
-0.046554
-0.046554
-0.046604
-0.046654
-0.046654
-0.046704
-0.046704
-0.046755
-0.046805
-0.046805
-0.046805
-0.046805
-0.046855
-0.046855
-0.046956
-0.046956
-0.047056
-0.047056
-0.047056
-0.047056
-0.047056
-0.047107
-0.047107
-0.047157
-0.047157
-0.047157
-0.047207
-0.047207
-0.047257
-0.047257
-0.047308
-0.047358
-0.047358
-0.047408
-0.047408
-0.047408
-0.047459
-0.047509
-0.047509
-0.047509
-0.047559
-0.047559
-0.047609
-0.047609
-0.047660
-0.047660
-0.047710
-0.047760
-0.047760
-0.047861
-0.047861
-0.047861
-0.047861
-0.047911
-0.047961
-0.047961
-0.047961
-0.048012
-0.048012
-0.048012
-0.048062
-0.048112
-0.048162
-0.048162
-0.048162
-0.048213
-0.048213
-0.048263
-0.048263
-0.048313
-0.048313
-0.048363
-0.048363
-0.048414
-0.048414
-0.048464
-0.048464
-0.048514
-0.048514
-0.048565
-0.048565
-0.048665
-0.048665
-0.048665
-0.048665
-0.048665
-0.048716
-0.048766
-0.048766
-0.048816
-0.048816
-0.048866
-0.048866
-0.048917
-0.048917
-0.048967
-0.048967
-0.049017
-0.049017
-0.049017
-0.049118
-0.049068
-0.049168
-0.049168
-0.049168
-0.049218
-0.049218
-0.049218
-0.049269
-0.049319
-0.049319
-0.049369
-0.049369
-0.049369
-0.049470
-0.049470
-0.049470
-0.049520
-0.049520
-0.049570
-0.049570
-0.049620
-0.049620
-0.049620
-0.049671
-0.049671
-0.049721
-0.049771
-0.049771
-0.049771
-0.049822
-0.049872
-0.049872
-0.049922
-0.049922
-0.049972
-0.049972
-0.050023
-0.050023
-0.050073
-0.050073
-0.050123
-0.050123
-0.050173
-0.050274
-0.050274
-0.050274
-0.050274
-0.050274
-0.050324
-0.050375
-0.050375
-0.050375
-0.050425
-0.050425
-0.050425
-0.050475
-0.050475
-0.050525
-0.050576
-0.050576
-0.050626
-0.050626
-0.050676
-0.050676
-0.050676
-0.050726
-0.050777
-0.050777
-0.050827
-0.050827
-0.050827
-0.050877
-0.050928
-0.050978
-0.050978
-0.050978
-0.051028
-0.051078
-0.051078
-0.051078
-0.051179
-0.051129
-0.051179
-0.051179
-0.051179
-0.051229
-0.051229
-0.051280
-0.051280
-0.051380
-0.051380
-0.051380
-0.051430
-0.051430
-0.051430
-0.051481
-0.051531
-0.051531
-0.051581
-0.051581
-0.051631
-0.051631
-0.051631
-0.051682
-0.051732
-0.051732
-0.051782
-0.051782
-0.051782
-0.051883
-0.051883
-0.051883
-0.051883
-0.051983
-0.051983
-0.051983
-0.051983
-0.052034
-0.052034
-0.052034
-0.052084
-0.052134
-0.052185
-0.052185
-0.052185
-0.052235
-0.052285
-0.052285
-0.052335
-0.052335
-0.052386
-0.052386
-0.052386
-0.052436
-0.052486
-0.052486
-0.052486
-0.052536
-0.052536
-0.052587
-0.052687
-0.052687
-0.052687
-0.052687
-0.052738
-0.052738
-0.052788
-0.052788
-0.052838
-0.052838
-0.052838
-0.052838
-0.052888
-0.052939
-0.052989
-0.052989
-0.053039
-0.053039
-0.053089
-0.053089
-0.053089
-0.053140
-0.053190
-0.053190
-0.053190
-0.053240
-0.053240
-0.053290
-0.053290
-0.053341
-0.053391
-0.053492
-0.053492
-0.053492
-0.053492
-0.053492
-0.053540
-0.053540
-0.053588
-0.053588
-0.053635
-0.053635
-0.053683
-0.053683
-0.053683
-0.053730
-0.053778
-0.053778
-0.053778
-0.053873
-0.053873
-0.053873
-0.053873
-0.053920
-0.053968
-0.053968
-0.054016
-0.054016
-0.054016
-0.054063
-0.054111
-0.054111
-0.054158
-0.054158
-0.054158
-0.054253
-0.054253
-0.054253
-0.054301
-0.054348
-0.054348
-0.054396
-0.054396
-0.054396
-0.054396
-0.054444
-0.054444
-0.054491
-0.054539
-0.054539
-0.054586
-0.054586
-0.054634
-0.054634
-0.054634
-0.054729
-0.054729
-0.054729
-0.054729
-0.054776
-0.054824
-0.054776
-0.054824
-0.054872
-0.054919
-0.054919
-0.055014
-0.055014
-0.055014
-0.055014
-0.055062
-0.055062
-0.055109
-0.055109
-0.055157
-0.055157
-0.055157
-0.055204
-0.055252
-0.055299
-0.055299
-0.055299
-0.055299
-0.055347
-0.055347
-0.055395
-0.055395
-0.055442
-0.055490
-0.055490
-0.055537
-0.055537
-0.055537
-0.055585
-0.055585
-0.055632
-0.055680
-0.055680
-0.055728
-0.055775
-0.055775
-0.055775
-0.055823
-0.055823
-0.055870
-0.055870
-0.055918
-0.055918
-0.055918
-0.055965
-0.056013
-0.056013
-0.056060
-0.056060
-0.056108
-0.056108
-0.056155
-0.056155
-0.056155
-0.056203
-0.056203
-0.056251
-0.056298
-0.056298
-0.056298
-0.056346
-0.056346
-0.056393
-0.056441
-0.056441
-0.056536
-0.056536
-0.056536
-0.056536
-0.056536
-0.056583
-0.056631
-0.056631
-0.056678
-0.056678
-0.056727
-0.056727
-0.056727
-0.056826
-0.056826
-0.056826
-0.056875
-0.056875
-0.056875
-0.056924
-0.056924
-0.056974
-0.057023
-0.057072
-0.057072
-0.057072
-0.057122
-0.057072
-0.057171
-0.057220
-0.057220
-0.057319
-0.057319
-0.057319
-0.057319
-0.057319
-0.057366
-0.057410
-0.057410
-0.057410
-0.057410
-0.057454
-0.057454
-0.057498
-0.057498
-0.057543
-0.057587
-0.057587
-0.057587
-0.057631
-0.057675
-0.057675
-0.057764
-0.057720
-0.057764
-0.057764
-0.057764
-0.057808
-0.057853
-0.057853
-0.057897
-0.057941
-0.057941
-0.057941
-0.058030
-0.058030
-0.058030
-0.058074
-0.058074
-0.058118
-0.058118
-0.058118
-0.058118
-0.058162
-0.058207
-0.058251
-0.058251
-0.058251
-0.058295
-0.058340
-0.058340
-0.058340
-0.058340
-0.058340
-0.058384
-0.058428
-0.058472
-0.058472
-0.058517
-0.058517
-0.058517
-0.058561
-0.058561
-0.058605
-0.058650
-0.058650
-0.058738
-0.058738
-0.058738
-0.058738
-0.058738
-0.058782
-0.058827
-0.058827
-0.058871
-0.058871
-0.058871
-0.058915
-0.058915
-0.059004
-0.059004
-0.059004
-0.059004
-0.059048
-0.059092
-0.059092
-0.059136
-0.059181
-0.059181
-0.059181
-0.059225
-0.059225
-0.059225
-0.059269
-0.059269
-0.059314
-0.059358
-0.059358
-0.059446
-0.059446
-0.059446
-0.059446
-0.059446
-0.059535
-0.059535
-0.059535
-0.059579
-0.059579
-0.059579
-0.059624
-0.059624
-0.059668
-0.059712
-0.059712
-0.059756
-0.059756
-0.059801
-0.059801
-0.059801
-0.059889
-0.059889
-0.059889
-0.059934
-0.059934
-0.059978
-0.060022
-0.060022
-0.060022
-0.060066
-0.060066
-0.060155
-0.060155
-0.060155
-0.060155
-0.060199
-0.060199
-0.060243
-0.060243
-0.060243
-0.060288
-0.060288
-0.060332
-0.060332
-0.060421
-0.060421
-0.060421
-0.060465
-0.060465
-0.060509
-0.060509
-0.060553
-0.060509
-0.060553
-0.060598
-0.060598
-0.060642
-0.060686
-0.060686
-0.060686
-0.060730
-0.060775
-0.060863
-0.060863
-0.060863
-0.060863
-0.060863
-0.060863
-0.060908
-0.060952
-0.060952
-0.060952
-0.060996
-0.060996
-0.061040
-0.061085
-0.061085
-0.061085
-0.061129
-0.061129
-0.061129
-0.061218
-0.061218
-0.061218
-0.061262
-0.061306
-0.061306
-0.061350
-0.061350
-0.061350
-0.061395
-0.061439
-0.061483
-0.061483
-0.061483
-0.061572
-0.061572
-0.061572
-0.061616
-0.061616
-0.061616
-0.061660
-0.061660
-0.061660
-0.061705
-0.061705
-0.061749
-0.061749
-0.061749
-0.061793
-0.061837
-0.061882
-0.061882
-0.061926
-0.061926
-0.061970
-0.061970
-0.061970
-0.062015
-0.062015
-0.062059
-0.062059
-0.062103
-0.062103
-0.062147
-0.062192
-0.062192
-0.062280
-0.062280
-0.062280
-0.062280
-0.062325
-0.062325
-0.062369
-0.062369
-0.062369
-0.062413
-0.062413
-0.062457
-0.062502
-0.062502
-0.062546
-0.062546
-0.062546
-0.062590
-0.062634
-0.062634
-0.062679
-0.062723
-0.062723
-0.062723
-0.062723
-0.062767
-0.062812
-0.062812
-0.062812
-0.062900
-0.062900
-0.062900
-0.062989
-0.062989
-0.062989
-0.062989
-0.063033
-0.063033
-0.063077
-0.063077
-0.063077
-0.063121
-0.063121
-0.063166
-0.063166
-0.063210
-0.063254
-0.063254
-0.063298
-0.063298
-0.063298
-0.063343
-0.063387
-0.063387
-0.063431
-0.063431
-0.063476
-0.063476
-0.063520
-0.063520
-0.063564
-0.063608
-0.063564
-0.063697
-0.063697
-0.063697
-0.063697
-0.063697
-0.063741
-0.063786
-0.063786
-0.063786
-0.063830
-0.063830
-0.063830
-0.063874
-0.063918
-0.063918
-0.063963
-0.063963
-0.063963
-0.064007
-0.064051
-0.064051
-0.064096
-0.064096
-0.064140
-0.064140
-0.064140
-0.064184
-0.064184
-0.064228
-0.064273
-0.064317
-0.064317
-0.064317
-0.064406
-0.064406
-0.064406
-0.064406
-0.064450
-0.064494
-0.064494
-0.064494
-0.064494
-0.064538
-0.064583
-0.064583
-0.064627
-0.064627
-0.064627
-0.064671
-0.064715
-0.064715
-0.064760
-0.064760
-0.064760
-0.064848
-0.064848
-0.064848
-0.064893
-0.064893
-0.064893
-0.064937
-0.064937
-0.064981
-0.065025
-0.065025
-0.065114
-0.065114
-0.065114
-0.065114
-0.065158
-0.065202
-0.065158
-0.065202
-0.065247
-0.065247
-0.065247
-0.065291
-0.065291
-0.065380
-0.065380
-0.065424
-0.065424
-0.065424
-0.065468
-0.065468
-0.065512
-0.065557
-0.065557
-0.065557
-0.065601
-0.065601
-0.065601
-0.065690
-0.065690
-0.065690
-0.065734
-0.065822
-0.065822
-0.065822
-0.065822
-0.065822
-0.065867
-0.065867
-0.065911
-0.065911
-0.065955
-0.065955
-0.065999
-0.065999
-0.066044
-0.066044
-0.066088
-0.066088
-0.066132
-0.066176
-0.066176
-0.066221
-0.066176
-0.066265
-0.066265
-0.066265
-0.066265
-0.066309
-0.066309
-0.066354
-0.066398
-0.066398
-0.066442
-0.066531
-0.066531
-0.066531
-0.066531
-0.066575
-0.066531
-0.066575
-0.066575
-0.066619
-0.066664
-0.066619
-0.066708
-0.066708
-0.066708
-0.066796
-0.066796
-0.066796
-0.066796
-0.066841
-0.066841
-0.066885
-0.066929
-0.066929
-0.066974
-0.066974
-0.066974
-0.067018
-0.067062
-0.067062
-0.067062
-0.067151
-0.067151
-0.067239
-0.067239
-0.067239
-0.067239
-0.067239
-0.067283
-0.067283
-0.067328
-0.067328
-0.067372
-0.067372
-0.067416
-0.067416
-0.067416
-0.067505
-0.067505
-0.067505
-0.067505
-0.067549
-0.067593
-0.067593
-0.067593
-0.067638
-0.067682
-0.067682
-0.067726
-0.067726
-0.067770
-0.067770
-0.067815
-0.067859
-0.067859
-0.067859
-0.067948
-0.067948
-0.067948
-0.067992
-0.067992
-0.068036
-0.068036
-0.068036
-0.068080
-0.068080
-0.068125
-0.068169
-0.068169
-0.068213
-0.068213
-0.068213
-0.068213
-0.068302
-0.068302
-0.068302
-0.068346
-0.068346
-0.068346
-0.068390
-0.068390
-0.068435
-0.068479
-0.068479
-0.068523
-0.068523
-0.068656
-0.068568
-0.068656
-0.068656
-0.068656
-0.068700
-0.068656
-0.068745
-0.068745
-0.068790
-0.068745
-0.068790
-0.068834
-0.068834
-0.068834
-0.068878
-0.068878
-0.068923
-0.068923
-0.068967
-0.069011
-0.069011
-0.069055
-0.069055
-0.069100
-0.069100
-0.069144
-0.069144
-0.069144
-0.069188
-0.069233
-0.069233
-0.069277
-0.069277
-0.069365
-0.069365
-0.069365
-0.069365
-0.069365
-0.069410
-0.069454
-0.069454
-0.069454
-0.069498
-0.069498
-0.069542
-0.069587
-0.069542
-0.069631
-0.069631
-0.069631
-0.069675
-0.069720
-0.069720
-0.069720
-0.069764
-0.069808
-0.069808
-0.069852
-0.069852
-0.069852
-0.069897
-0.069941
-0.069985
-0.069941
-0.069985
-0.069985
-0.070074
-0.070074
-0.070074
-0.070162
-0.070162
-0.070162
-0.070162
-0.070207
-0.070207
-0.070251
-0.070295
-0.070295
-0.070295
-0.070339
-0.070339
-0.070339
-0.070384
-0.070384
-0.070428
-0.070428
-0.070472
-0.070516
-0.070516
-0.070516
-0.070561
-0.070561
-0.070605
-0.070605
-0.070649
-0.070694
-0.070694
-0.070782
-0.070738
-0.070782
-0.070782
-0.070826
-0.070871
-0.070871
-0.070871
-0.070915
-0.070915
-0.070959
-0.070959
-0.071004
-0.071004
-0.071004
-0.071048
-0.071092
-0.071092
-0.071136
-0.071136
-0.071181
-0.071181
-0.071225
-0.071225
-0.071225
-0.071269
-0.071313
-0.071313
-0.071358
-0.071402
-0.071402
-0.071402
-0.071491
-0.071491
-0.071491
-0.071491
-0.071535
-0.071535
-0.071579
-0.071579
-0.071623
-0.071623
-0.071623
-0.071668
-0.071712
-0.071712
-0.071756
-0.071756
-0.071756
-0.071801
-0.071801
-0.071889
-0.071889
-0.071889
-0.071933
-0.071933
-0.071978
-0.071978
-0.071978
-0.071978
-0.072066
-0.072110
-0.072110
-0.072199
-0.072199
-0.072199
-0.072199
-0.072199
-0.072243
-0.072288
-0.072288
-0.072288
-0.072288
-0.072332
-0.072332
-0.072376
-0.072376
-0.072420
-0.072465
-0.072465
-0.072509
-0.072509
-0.072553
-0.072553
-0.072553
-0.072642
-0.072642
-0.072642
-0.072686
-0.072686
-0.072686
-0.072730
-0.072730
-0.072819
-0.072819
-0.072908
-0.072908
-0.072908
-0.072908
-0.072908
-0.072908
-0.072952
-0.072996
-0.072996
-0.072996
-0.073040
-0.073040
-0.073085
-0.073129
-0.073129
-0.073173
-0.073173
-0.073173
-0.073217
-0.073217
-0.073262
-0.073262
-0.073350
-0.073350
-0.073350
-0.073394
-0.073394
-0.073394
-0.073394
-0.073483
-0.073483
-0.073527
-0.073616
-0.073616
-0.073616
-0.073616
-0.073616
-0.073660
-0.073660
-0.073704
-0.073704
-0.073749
-0.073749
-0.073749
-0.073793
-0.073837
-0.073881
-0.073881
-0.073881
-0.073926
-0.073970
-0.073970
-0.073970
-0.073970
-0.074014
-0.074059
-0.074059
-0.074059
-0.074103
-0.074103
-0.074147
-0.074191
-0.074236
-0.074236
-0.074324
-0.074324
-0.074324
-0.074324
-0.074324
-0.074324
-0.074369
-0.074413
-0.074457
-0.074457
-0.074457
-0.074501
-0.074546
-0.074546
-0.074546
-0.074590
-0.074590
-0.074634
-0.074678
-0.074678
-0.074723
-0.074723
-0.074723
-0.074767
-0.074767
-0.074811
-0.074811
-0.074856
-0.074856
-0.074856
-0.074900
-0.074944
-0.075033
-0.075033
-0.075033
-0.075033
-0.075033
-0.075033
-0.075077
-0.075121
-0.075121
-0.075166
-0.075166
-0.075210
-0.075210
-0.075210
-0.075254
-0.075298
-0.075298
-0.075343
-0.075343
-0.075387
-0.075387
-0.075387
-0.075476
-0.075476
-0.075476
-0.075520
-0.075520
-0.075564
-0.075564
-0.075608
-0.075653
-0.075653
-0.075653
-0.075741
-0.075741
-0.075741
-0.075741
-0.075785
-0.075785
-0.075830
-0.075830
-0.075874
-0.075874
-0.075874
-0.075962
-0.075962
-0.076007
-0.076007
-0.076007
-0.076051
-0.076051
-0.076051
-0.076095
-0.076140
-0.076140
-0.076184
-0.076228
-0.076184
-0.076228
-0.076272
-0.076272
-0.076317
-0.076317
-0.076361
-0.076361
-0.076449
-0.076449
-0.076449
-0.076449
-0.076494
-0.076538
-0.076538
-0.076538
-0.076582
-0.076582
-0.076582
-0.076627
-0.076627
-0.076671
-0.076671
-0.076715
-0.076759
-0.076759
-0.076759
-0.076804
-0.076804
-0.076892
-0.076892
-0.076892
-0.076892
-0.076936
-0.076936
-0.076981
-0.077025
-0.077069
-0.077069
-0.077158
-0.077069
-0.077158
-0.077158
-0.077158
-0.077202
-0.077246
-0.077246
-0.077246
-0.077246
-0.077291
-0.077335
-0.077335
-0.077335
-0.077424
-0.077424
-0.077424
-0.077468
-0.077468
-0.077512
-0.077512
-0.077556
-0.077601
-0.077601
-0.077601
-0.077645
-0.077645
-0.077689
-0.077689
-0.077689
-0.077778
-0.077733
-0.077866
-0.077866
-0.077866
-0.077866
-0.077910
-0.077910
-0.077955
-0.077955
-0.077955
-0.077999
-0.077999
-0.077999
-0.078043
-0.078088
-0.078088
-0.078132
-0.078132
-0.078176
-0.078176
-0.078176
-0.078221
-0.078265
-0.078309
-0.078309
-0.078309
-0.078309
-0.078353
-0.078398
-0.078398
-0.078398
-0.078486
-0.078486
-0.078575
-0.078575
-0.078575
-0.078575
-0.078619
-0.078575
-0.078619
-0.078619
-0.078663
-0.078708
-0.078708
-0.078708
-0.078752
-0.078752
-0.078796
-0.078840
-0.078840
-0.078840
-0.078885
-0.078929
-0.078929
-0.078973
-0.078973
-0.079018
-0.079018
-0.079018
-0.079062
-0.079062
-0.079106
-0.079150
-0.079150
-0.079194
-0.079194
-0.079283
-0.079283
-0.079283
-0.079283
-0.079283
-0.079371
-0.079371
-0.079371
-0.079415
-0.079415
-0.079460
-0.079460
-0.079504
-0.079548
-0.079548
-0.079548
-0.079592
-0.079592
-0.079592
-0.079636
-0.079681
-0.079725
-0.079725
-0.079725
-0.079769
-0.079769
-0.079769
-0.079813
-0.079857
-0.079902
-0.079902
-0.079902
-0.079990
-0.079990
-0.079990
-0.079990
-0.080034
-0.080034
-0.080078
-0.080078
-0.080078
-0.080122
-0.080167
-0.080167
-0.080211
-0.080255
-0.080255
-0.080255
-0.080255
-0.080299
-0.080343
-0.080343
-0.080387
-0.080387
-0.080387
-0.080432
-0.080476
-0.080476
-0.080476
-0.080520
-0.080520
-0.080609
-0.080609
-0.080697
-0.080697
-0.080697
-0.080697
-0.080697
-0.080785
-0.080741
-0.080785
-0.080785
-0.080829
-0.080829
-0.080829
-0.080874
-0.080918
-0.080918
-0.080962
-0.080962
-0.081006
-0.081006
-0.081051
-0.081051
-0.081095
-0.081139
-0.081139
-0.081139
-0.081139
-0.081183
-0.081183
-0.081227
-0.081271
-0.081271
-0.081316
-0.081316
-0.081404
-0.081404
-0.081404
-0.081404
-0.081404
-0.081448
-0.081492
-0.081492
-0.081537
-0.081537
-0.081537
-0.081581
-0.081625
-0.081669
-0.081669
-0.081669
-0.081669
-0.081713
-0.081713
-0.081758
-0.081758
-0.081846
-0.081846
-0.081846
-0.081846
-0.081890
-0.081890
-0.081890
-0.081978
-0.081978
-0.082023
-0.082023
-0.082111
-0.082111
-0.082111
-0.082111
-0.082155
-0.082155
-0.082199
-0.082199
-0.082199
-0.082244
-0.082288
-0.082288
-0.082332
-0.082332
