0.017399
0.017299
0.017299
0.017299
0.017599
0.017599
0.017499
0.017499
0.017510
0.017510
0.017213
0.017213
0.016804
0.016804
0.016804
0.016704
0.016902
0.016902
0.016802
0.016505
0.016802
0.016405
0.016405
0.016405
0.016681
0.016681
0.016581
0.016581
0.016580
0.016580
0.016575
0.016575
0.016575
0.016830
0.016873
0.016873
0.016840
0.016840
0.016421
0.016421
0.016221
0.016221
0.016221
0.016019
0.016221
0.016019
0.016019
0.015687
0.016813
0.016813
0.016713
0.015881
0.015881
0.015881
0.015881
0.015881
0.015808
0.015808
0.015240
0.015240
0.015669
0.015669
0.015669
0.015680
0.016319
0.016319
0.016219
0.016219
0.015623
0.015723
0.015623
0.015623
0.015597
0.015811
0.015597
0.015597
0.015597
0.015615
0.015615
0.015615
0.015515
0.015415
0.015415
0.015415
0.016122
0.016122
0.016122
0.016047
0.016047
0.015418
0.015418
0.015230
0.015230
0.015230
0.015288
0.015288
0.015353
0.015253
0.015253
0.015253
0.015359
0.015359
0.015132
0.015132
0.015132
0.015345
0.015345
0.015467
0.015467
0.015690
0.015042
0.015042
0.015133
0.015040
0.015040
0.015040
0.015072
0.015072
0.015072
0.014720
0.015072
0.014559
0.014559
0.014559
0.014559
0.014632
0.014632
0.014632
0.014632
0.014510
0.014510
0.014510
0.014410
0.014410
0.014067
0.014067
0.013967
0.013934
0.013934
0.013934
0.013976
0.013976
0.013876
0.013876
0.013712
0.013712
0.013668
0.013668
0.014394
0.014394
0.014394
0.014294
0.014294
0.014294
0.014254
0.014254
0.014254
0.014154
0.014054
0.014054
0.013585
0.013585
0.014307
0.014307
0.014307
0.014207
0.013809
0.013809
0.013434
0.013434
0.013553
0.013553
0.013553
0.013453
0.013829
0.013829
0.013729
0.013629
0.013629
0.013629
0.013429
0.013429
0.013429
0.013429
0.013422
0.013422
0.012991
0.012991
0.012891
0.012891
0.012891
0.013488
0.013388
0.013388
0.013288
0.013188
0.013188
0.013188
0.013188
0.013088
0.012988
0.012888
0.012888
0.012888
0.012824
0.012824
0.012462
0.012462
0.013371
0.012913
0.012913
0.012913
0.012386
0.012386
0.012386
0.012505
0.012505
0.012505
0.013404
0.013304
0.013304
0.013304
0.014215
0.014215
0.014147
0.013830
0.013830
0.013830
0.009457
0.009457
0.008776
0.008776
0.008776
0.010221
0.010321
0.010221
0.010221
0.010121
0.009146
0.009146
0.009046
0.009046
0.008946
0.008946
0.008746
0.008746
0.008746
0.008746
0.008613
0.008513
0.008513
0.008513
0.009119
0.009119
0.009019
0.009019
0.009019
0.009596
0.009496
0.009496
0.009396
0.009296
0.009296
0.009296
0.009296
0.009113
0.009113
0.009782
0.009113
0.009031
0.008943
0.008629
0.008943
0.008629
0.008629
0.008874
0.008774
0.008674
0.008674
0.008674
0.008718
0.008718
0.008619
0.008619
0.008783
0.008783
0.008783
0.008762
0.008662
0.008662
0.008203
0.008203
0.008203
0.014877
0.011450
0.011450
0.011450
0.011350
0.010931
0.010931
0.010768
0.010768
0.010437
0.010437
0.010658
0.010658
0.010658
0.010558
0.010358
0.010358
0.010358
0.010358
0.010258
0.010258
0.010258
0.010158
0.010333
0.010333
0.010121
0.010121
0.010892
0.010792
0.010792
0.010792
0.010792
0.010692
0.010488
0.010488
0.010754
0.010654
0.010654
0.010654
0.010654
0.010554
0.010554
0.010320
0.010320
0.010981
0.010881
0.010881
0.010681
0.010681
0.010681
0.010681
0.010681
0.009772
0.009672
0.009672
0.009572
0.009572
0.009572
0.009395
0.009395
0.010001
0.009751
0.009751
0.009693
0.009732
0.009693
0.009693
0.009693
0.009811
0.009611
0.009611
0.009692
0.009692
0.009657
0.009657
0.009657
0.009737
0.009637
0.009637
0.009437
0.009437
0.009437
0.009437
0.009548
0.009548
0.009548
0.008806
0.008806
0.008706
0.008706
0.008492
0.007794
0.007794
0.007857
0.007857
0.007842
0.007842
0.007742
0.007742
0.007742
0.008406
0.008406
0.008406
0.008348
0.008348
0.008248
0.008248
0.008248
0.007919
0.008203
0.008203
0.008751
0.008751
0.008751
0.008751
0.008751
0.007244
0.007244
0.007244
0.007244
0.006846
0.006846
0.007747
0.007747
0.007886
0.007886
0.007886
0.007886
0.007786
0.007929
0.007929
0.007929
0.007559
0.007559
0.007559
0.007559
0.007459
0.007359
0.007359
0.007427
0.007427
0.006907
0.006907
0.006907
0.006768
0.006768
0.006768
0.006431
0.006401
0.006401
0.006401
0.006401
0.006301
0.006201
0.006301
0.006201
0.006456
0.006500
0.006500
0.006500
0.006894
0.007006
0.007006
0.006906
0.006906
0.006750
0.006750
0.007034
0.007034
0.007034
0.006471
0.006471
0.006471
0.006470
0.006321
0.006321
0.006321
0.006321
0.006321
0.006321
0.008005
0.007737
0.007618
0.007737
0.007618
0.007333
0.007333
0.008056
0.007683
0.007683
0.007683
0.007683
0.007514
0.007514
0.007514
0.007414
0.007927
0.007927
0.007927
0.007827
0.007827
0.007492
0.007492
0.007492
0.007360
0.007066
0.007066
0.006866
0.006866
0.006866
0.006866
0.006840
0.006740
0.006740
0.006740
0.006740
0.006640
0.006540
0.006540
0.006720
0.006975
0.006975
0.006975
0.006975
0.006875
0.006875
0.006987
0.006987
0.006819
0.006819
0.006819
0.006819
0.006744
0.006719
0.006744
0.006644
0.006483
0.006644
0.006483
0.005631
0.005631
0.005631
0.005631
0.005631
0.005172
0.005172
0.005648
0.005648
0.005648
0.005548
0.005548
0.005448
0.005448
0.005512
0.005530
0.005530
0.005430
0.005430
0.005430
0.005268
0.004919
0.004919
0.004919
0.004849
0.004849
0.004849
0.004939
0.004939
0.004739
0.004739
0.004739
0.004663
0.004739
0.004663
0.004663
0.004983
0.004983
0.004883
0.004883
0.004495
0.004495
0.004495
0.004395
0.004295
0.004295
0.004108
0.004108
0.004108
0.004054
0.004008
0.004054
0.004054
0.003954
0.003702
0.003702
0.004467
0.004467
0.004467
0.004467
0.004151
0.004151
0.004051
0.004051
0.006557
0.006557
0.006557
0.006557
0.006457
0.006457
0.006457
0.006754
0.006754
0.006654
0.006654
0.006654
0.006329
0.006329
0.006329
0.006402
0.006402
0.006402
0.006296
0.006296
0.006296
0.006196
0.006096
0.006096
0.006096
0.005996
0.005996
0.005896
0.005896
0.006120
0.006120
0.006120
0.006020
0.006020
0.005608
0.005608
0.005608
0.005700
0.005700
0.005700
0.005700
0.005600
0.005600
0.005500
0.005500
0.005595
0.005495
0.005495
0.005495
0.005395
0.005400
0.005400
0.005400
0.004900
0.004078
0.004190
0.004078
0.004190
0.004190
0.004090
0.003990
0.003990
0.003890
0.003890
0.003377
0.003377
0.003377
0.003377
0.003251
0.003251
0.003251
0.003273
0.003173
0.003173
0.003073
0.003073
0.002304
0.002204
0.002204
0.002204
0.002204
0.002686
0.003020
0.003020
0.002969
0.002869
0.002869
0.002869
0.002769
0.002769
0.002669
0.002669
0.002569
0.002569
0.002469
0.002469
0.001777
0.001777
0.001777
0.001777
0.001837
0.002993
0.002993
0.002993
0.003157
0.003157
0.003057
0.003057
0.003057
0.002710
0.002876
0.002829
0.002829
0.002829
0.002829
0.002729
0.002729
0.002629
0.002470
0.002470
0.002470
0.002470
0.002262
0.002262
0.002262
0.002161
0.002161
0.002061
0.001961
0.001961
0.001961
0.001961
0.001961
0.002718
0.002064
0.002064
0.002670
0.002670
0.002670
0.003984
0.004157
0.002110
0.002110
0.002110
0.003032
0.003032
0.002504
0.002504
0.002664
0.002664
0.002120
0.002120
0.002120
0.002298
0.002198
0.002198
0.002198
0.002130
0.002030
0.002030
0.001918
0.001918
0.001918
0.001918
0.002687
0.002687
0.003210
0.003210
0.003210
0.002130
0.002092
0.002092
0.001992
0.002092
0.001892
0.001892
0.002021
0.002021
0.001921
0.001921
0.001764
0.001764
0.001664
0.001664
0.001664
0.001549
0.001549
0.001438
0.000767
0.000831
0.000831
0.000831
0.001903
0.001903
0.001903
0.001903
0.001903
0.002049
0.001949
0.001949
0.001932
0.001932
0.001932
0.001818
0.001818
0.002062
0.001962
0.001962
0.002088
0.002088
0.001988
0.001988
0.001888
0.001888
0.001788
0.001788
0.001788
0.002072
0.002072
0.001972
0.001872
0.002016
0.002016
0.001636
0.001941
0.001941
0.001941
0.001941
0.001841
0.001841
0.001841
0.001741
0.001741
0.001641
0.001641
0.003028
0.002837
0.002837
0.002642
0.002642
0.002542
0.002642
0.002442
0.002442
0.002521
0.002521
0.002421
0.002421
0.002566
0.002566
0.002566
0.000983
0.000983
0.000983
0.000716
0.000716
0.000516
0.000516
0.000516
0.000516
0.000516
0.000751
0.000554
0.000554
0.000554
0.000656
0.000656
0.000294
0.000194
0.000194
0.000094
0.000094
0.001058
0.001058
0.000958
0.000958
0.000958
0.002929
0.002316
0.002316
0.002355
0.002355
0.002316
0.002255
0.002255
0.002152
0.002052
0.002052
0.001888
0.001888
0.001888
0.001888
0.001888
0.001788
0.001688
0.001688
0.001688
0.002028
0.002028
0.001928
0.002591
0.001947
0.001947
0.001947
0.001947
0.001847
0.000797
0.000797
0.001048
0.001048
0.000948
0.000948
0.001317
0.001317
0.000998
0.000898
0.000998
0.000898
0.000898
0.000798
0.000641
0.000641
0.000641
0.000641
0.000641
0.000597
0.000497
0.000497
0.000497
0.000729
0.000729
0.000629
0.000629
0.000529
0.000429
0.000429
0.000137
0.000137
0.000037
0.000037
-0.000063
-0.000163
-0.000163
-0.000163
-0.000163
-0.000402
-0.000402
0.000415
0.000415
0.001334
0.000983
0.000983
0.000722
0.000722
0.000722
0.000722
0.000722
0.000663
0.000663
0.000663
0.000663
0.000563
0.000563
0.000463
0.000463
0.000198
0.000198
0.000198
0.000198
0.000098
0.000098
-0.000002
-0.000002
-0.000174
-0.000174
-0.000174
0.000248
-0.000174
0.000248
0.000148
0.000048
0.000048
0.000048
-0.000199
-0.000199
-0.000199
-0.000199
-0.000199
-0.000181
-0.000181
-0.000281
-0.000281
-0.000048
-0.000048
-0.000125
-0.000125
-0.000125
-0.000225
-0.000325
-0.000325
-0.000325
-0.000616
-0.000716
-0.000716
-0.000716
-0.000688
-0.000788
-0.000788
-0.000788
-0.000888
-0.000888
-0.000988
-0.000988
-0.000988
-0.000705
-0.000146
-0.000146
-0.000146
-0.000146
-0.000146
-0.000689
-0.000689
-0.000689
0.000482
0.000001
0.000001
-0.000482
-0.000482
-0.000482
-0.000582
-0.000607
-0.000607
-0.000607
-0.000519
-0.000619
-0.000619
-0.001249
-0.001249
-0.001241
-0.001241
-0.001241
-0.001341
-0.001441
-0.001441
-0.001541
0.000790
0.000790
0.000790
0.000790
-0.000885
-0.000885
-0.000885
-0.000985
-0.000985
-0.001085
-0.001085
-0.001085
0.000052
-0.000048
0.000052
0.000057
0.000057
-0.000043
-0.000043
0.000962
0.000962
0.000862
0.000862
0.000862
0.000762
0.000662
0.000662
0.000572
0.000572
0.000572
0.000472
0.000472
-0.000398
-0.000498
-0.000498
-0.000698
-0.000698
-0.000698
-0.000698
-0.000667
-0.000667
-0.002125
-0.002125
-0.002125
-0.002225
-0.002225
-0.002325
-0.002325
-0.002415
-0.002425
-0.002415
-0.002377
-0.002377
-0.002377
-0.002477
-0.001430
-0.001858
-0.001430
-0.001858
-0.001958
-0.001958
-0.001958
-0.002058
-0.002158
-0.002158
-0.002258
-0.001985
-0.002358
-0.001985
-0.001985
-0.001985
-0.002085
-0.001942
-0.001942
-0.001942
-0.001942
-0.002042
-0.002042
-0.002142
-0.002205
-0.002205
-0.002249
-0.002249
-0.002249
-0.002243
-0.002287
-0.002287
-0.002030
-0.002030
-0.002197
-0.002197
-0.002197
-0.001665
-0.001665
-0.001765
-0.001865
-0.001965
-0.001865
-0.001965
-0.000933
-0.000933
-0.000933
-0.000933
-0.000933
-0.001479
-0.001479
-0.001479
-0.001479
-0.001579
-0.001679
-0.001679
-0.001827
-0.001827
-0.001952
-0.001952
-0.002052
-0.002052
-0.002328
-0.002328
-0.002067
-0.002167
-0.002167
-0.002167
-0.002167
-0.001780
-0.001880
-0.001880
-0.001880
-0.001980
-0.002080
-0.002720
-0.002720
-0.002720
-0.002720
-0.002720
-0.002368
-0.002368
-0.002129
-0.002129
-0.001837
-0.001837
-0.002590
-0.002590
-0.002690
-0.002690
-0.002216
-0.002216
-0.002216
-0.002119
-0.002219
-0.002219
-0.002074
-0.002074
-0.002222
-0.002222
-0.002222
-0.002222
-0.002354
-0.002354
-0.002377
-0.002377
-0.002732
-0.002732
-0.002449
-0.002449
-0.002449
-0.002449
-0.001936
-0.001936
-0.002062
-0.002062
-0.002162
-0.002162
-0.002162
-0.002262
-0.002262
-0.002182
-0.002282
-0.002282
-0.002282
-0.002318
-0.002178
-0.002178
-0.002330
-0.002330
-0.002330
-0.004874
-0.001944
-0.001944
-0.001944
-0.006362
-0.006362
-0.002677
-0.003332
-0.003332
-0.003332
-0.002357
-0.002357
-0.002357
-0.002320
-0.002320
-0.002632
-0.002632
-0.002632
-0.001731
-0.001731
-0.001731
-0.002645
-0.002721
-0.002821
-0.002821
-0.004950
-0.004950
-0.004950
-0.003844
-0.003844
-0.004059
-0.004338
-0.004338
-0.004338
-0.003910
-0.003910
-0.003910
-0.003707
-0.002995
-0.002995
-0.003210
-0.003210
-0.003210
-0.003171
-0.003171
-0.003171
-0.003171
-0.003221
-0.003221
-0.003221
-0.003351
-0.003351
-0.003351
-0.003451
-0.003551
-0.003551
-0.003551
-0.003651
-0.003239
-0.003558
-0.003558
-0.003558
-0.003658
-0.003758
-0.003758
-0.003758
-0.003758
-0.001845
-0.001845
-0.001784
-0.001884
-0.001984
-0.001984
-0.002077
-0.002077
-0.002077
-0.002077
-0.002077
-0.001991
-0.002091
-0.002091
-0.002091
-0.002091
-0.002191
-0.002191
-0.002010
-0.002985
-0.002110
-0.002110
-0.002110
-0.002210
-0.002210
-0.002310
-0.002310
-0.002410
-0.002410
-0.002510
-0.002510
-0.002610
-0.002610
-0.002610
-0.002973
-0.003073
-0.003073
-0.003173
-0.003173
-0.003177
-0.003177
-0.003177
-0.003177
-0.003021
-0.002900
-0.003021
-0.003021
-0.003382
-0.003382
-0.003382
-0.003404
-0.003404
-0.003504
-0.003999
-0.003999
-0.005845
-0.005845
-0.004676
-0.004632
-0.004676
-0.004242
-0.004242
-0.004242
-0.004247
-0.004247
-0.004347
-0.004447
-0.004447
-0.004447
-0.004488
-0.004488
-0.004321
-0.004321
-0.004321
-0.004467
-0.004321
-0.004467
-0.004567
-0.004567
-0.004580
-0.004580
-0.004680
-0.004680
-0.004451
-0.004451
-0.004551
-0.004551
-0.004600
-0.004600
-0.004700
-0.004700
-0.004700
-0.004509
-0.004509
-0.004509
-0.004116
-0.004116
-0.004170
-0.004170
-0.004170
-0.004407
-0.004407
-0.004527
-0.004372
-0.004372
-0.004372
-0.004372
-0.004372
-0.004472
-0.004554
-0.004654
-0.004654
-0.004654
-0.004654
-0.004628
-0.004628
-0.004728
-0.005159
-0.005159
-0.005159
-0.004260
-0.004130
-0.004130
-0.004130
-0.003745
-0.003845
-0.003650
-0.003650
-0.003650
-0.003650
-0.003750
-0.003850
-0.004293
-0.004293
-0.004293
-0.004617
-0.004617
-0.004617
-0.004617
-0.004284
-0.004284
-0.004384
-0.004384
-0.004384
-0.004244
-0.004345
-0.004244
-0.004345
-0.004518
-0.004618
-0.004618
-0.004718
-0.004718
-0.004718
-0.004818
-0.004835
-0.004835
-0.004935
-0.004935
-0.004935
-0.005131
-0.005131
-0.004528
-0.004628
-0.004628
-0.004676
-0.004676
-0.004876
-0.004876
-0.004876
-0.004876
-0.004683
-0.004876
-0.004783
-0.004783
-0.004260
-0.004260
-0.004260
-0.004161
-0.004261
-0.004261
-0.004361
-0.004361
-0.004722
-0.004722
-0.004722
-0.004822
-0.004726
-0.004726
-0.004826
-0.004826
-0.004826
-0.004926
-0.004926
-0.004664
-0.004664
-0.004272
-0.004237
-0.004237
-0.004328
-0.004328
-0.004328
-0.004328
-0.004516
-0.004185
-0.004185
-0.004185
-0.004285
-0.004285
-0.004631
-0.004631
-0.004731
-0.004731
-0.004731
-0.003936
-0.003936
-0.004036
-0.004036
-0.004136
-0.004136
-0.004036
-0.004028
-0.004028
-0.003960
-0.003960
-0.003960
-0.004060
-0.004060
-0.004389
-0.004489
-0.004489
-0.004715
-0.004715
-0.004715
-0.004715
-0.004029
-0.004029
-0.004129
-0.004129
-0.004229
-0.004229
-0.004229
-0.004329
-0.004429
-0.004429
-0.004529
-0.004529
-0.004442
-0.004442
-0.004542
-0.004542
-0.004642
-0.004642
-0.004642
-0.004908
-0.004908
-0.005284
-0.005284
-0.005384
-0.005484
-0.005484
-0.005484
-0.005487
-0.005487
-0.004692
-0.004692
-0.004692
-0.004792
-0.004703
-0.004703
-0.004703
-0.004703
-0.004803
-0.004803
-0.004803
-0.005631
-0.005631
-0.005731
-0.005731
-0.005731
-0.005831
-0.005831
-0.005931
-0.005537
-0.005537
-0.005637
-0.005637
-0.005637
-0.005737
-0.005737
-0.005837
-0.005893
-0.005893
-0.005993
-0.005354
-0.005354
-0.005354
-0.005354
-0.005354
-0.005475
-0.005575
-0.005475
-0.005575
-0.005575
-0.005675
-0.005675
-0.005775
-0.005775
-0.005875
-0.005895
-0.005895
-0.005895
-0.005687
-0.005690
-0.005690
-0.005790
-0.005890
-0.005890
-0.005890
-0.005890
-0.005990
-0.005990
-0.006090
-0.005607
-0.005607
-0.005707
-0.005707
-0.005707
-0.005907
-0.005907
-0.005907
-0.005907
-0.006007
-0.005921
-0.005921
-0.005795
-0.005795
-0.005895
-0.005895
-0.005708
-0.005808
-0.005808
-0.005808
-0.005908
-0.005908
-0.006008
-0.006008
-0.004918
-0.005018
-0.005018
-0.005018
-0.004636
-0.004636
-0.004636
-0.004736
-0.004736
-0.004836
-0.005065
-0.005065
-0.005065
-0.005265
-0.005265
-0.005265
-0.006224
-0.006224
-0.005807
-0.005807
-0.005807
-0.005420
-0.005420
-0.005420
-0.005420
-0.005909
-0.005909
-0.005909
-0.005632
-0.005632
-0.005632
-0.005482
-0.005241
-0.005241
-0.005341
-0.005341
-0.005341
-0.005341
-0.005889
-0.005889
-0.005889
-0.005979
-0.006079
-0.006079
-0.006079
-0.005795
-0.005795
-0.005795
-0.005795
-0.006737
-0.006602
-0.006702
-0.006602
-0.006702
-0.006702
-0.006700
-0.006800
-0.006900
-0.006900
-0.006900
-0.005817
-0.005817
-0.006644
-0.006644
-0.006644
-0.006744
-0.006725
-0.006725
-0.006725
-0.007653
-0.007653
-0.007148
-0.006266
-0.006534
-0.006534
-0.006534
-0.006585
-0.006585
-0.006585
-0.006585
-0.006417
-0.006438
-0.006438
-0.006438
-0.006438
-0.006580
-0.006680
-0.006680
-0.006680
-0.006780
-0.006665
-0.006665
-0.006012
-0.006012
-0.006012
-0.006112
-0.006112
-0.006212
-0.006285
-0.006285
-0.006285
-0.006385
-0.006445
-0.006445
-0.006545
-0.006645
-0.006645
-0.006645
-0.006645
-0.006814
-0.006814
-0.006814
-0.006363
-0.006363
-0.005916
-0.005916
-0.005916
-0.005941
-0.005941
-0.005449
-0.011871
-0.011871
-0.012119
-0.012119
-0.010381
-0.010381
-0.010207
-0.010207
-0.010207
-0.010307
-0.010407
-0.010407
-0.010414
-0.010414
-0.010414
-0.010514
-0.013114
-0.003462
-0.003462
-0.003662
-0.003462
-0.003662
-0.003662
-0.003662
-0.003662
-0.004221
-0.004200
-0.004200
-0.004200
-0.003836
-0.003836
-0.003936
-0.004207
-0.004307
-0.004307
-0.004307
-0.004338
-0.004338
-0.004438
-0.004438
-0.004133
-0.004133
-0.004638
-0.004638
-0.004738
-0.004738
-0.004738
-0.004838
-0.006460
-0.006622
-0.006622
-0.006622
-0.006622
-0.005903
-0.005903
-0.005903
-0.006707
-0.006707
-0.006168
-0.006168
-0.006481
-0.006481
-0.006481
-0.006581
-0.006840
-0.005903
-0.005903
-0.005903
-0.006144
-0.006244
-0.006244
-0.006244
-0.006344
-0.006344
-0.006444
-0.006444
-0.006249
-0.006249
-0.005922
-0.005922
-0.006022
-0.006022
-0.008480
-0.008020
-0.008020
-0.008020
-0.008020
-0.008020
-0.008020
-0.008220
-0.008220
-0.008220
-0.008220
-0.008320
-0.008320
-0.006678
-0.006778
-0.006778
-0.006730
-0.006730
-0.006830
-0.006830
-0.006930
-0.006930
-0.007054
-0.007054
-0.006994
-0.006994
-0.006994
-0.009972
-0.009972
-0.010072
-0.010072
-0.007136
-0.007136
-0.007136
-0.007136
-0.007295
-0.007295
-0.007295
-0.007395
-0.007395
-0.007362
-0.007362
-0.007362
-0.007462
-0.007462
-0.007562
-0.007562
-0.007562
-0.007709
-0.007709
-0.006029
-0.006029
-0.006129
-0.006129
-0.006129
-0.006329
-0.006329
-0.006329
-0.006429
-0.006429
-0.006392
-0.006392
-0.006392
-0.006507
-0.006607
-0.006607
-0.006807
-0.006807
-0.006807
-0.006807
-0.006807
-0.006907
-0.007007
-0.007007
-0.007360
-0.007360
-0.007360
-0.006687
-0.006787
-0.006787
-0.006887
-0.006887
-0.007304
-0.007304
-0.007481
-0.007481
-0.007341
-0.007341
-0.007441
-0.007441
-0.007441
-0.007362
-0.007362
-0.007631
-0.006137
-0.006137
-0.006237
-0.006237
-0.006401
-0.006401
-0.006401
-0.006401
-0.006223
-0.006223
-0.006323
-0.006323
-0.006423
-0.006423
-0.006423
-0.007302
-0.007302
-0.007509
-0.007509
-0.007509
-0.007609
-0.007609
-0.007609
-0.007775
-0.007952
-0.007952
-0.008052
-0.008052
-0.007818
-0.007818
-0.007818
-0.007949
-0.007949
-0.008049
-0.008149
-0.008149
-0.007330
-0.007330
-0.007330
-0.007330
-0.007330
-0.007330
-0.007578
-0.006337
-0.006337
-0.007557
-0.007522
-0.007522
-0.007622
-0.007622
-0.007560
-0.007560
-0.007660
-0.007660
-0.007660
-0.007660
-0.007708
-0.007458
-0.007558
-0.007558
-0.007658
-0.007558
-0.007658
-0.007758
-0.007758
-0.007858
-0.008386
-0.008386
-0.008479
-0.008479
-0.008479
-0.008479
-0.008579
-0.008579
-0.009534
-0.009534
-0.009534
-0.004759
-0.004782
-0.004837
-0.004837
-0.004837
-0.004937
-0.004937
-0.004995
-0.004995
-0.005095
-0.005095
-0.005055
-0.005155
-0.005155
-0.005155
-0.005255
-0.005255
-0.005808
-0.005808
-0.005930
-0.005930
-0.005735
-0.005735
-0.005735
-0.005935
-0.005935
-0.005935
-0.005935
-0.006059
-0.005793
-0.005793
-0.006462
-0.006462
-0.006462
-0.006562
-0.006662
-0.006662
-0.006662
-0.006762
-0.006227
-0.006227
-0.006227
-0.006327
-0.006327
-0.006427
-0.006527
-0.006527
-0.006627
-0.006627
-0.006627
-0.006727
-0.005037
-0.005037
-0.005502
-0.005502
-0.005702
-0.005702
-0.005702
-0.005702
-0.005589
-0.005589
-0.005689
-0.005689
-0.005689
-0.007019
-0.007019
-0.006464
-0.006464
-0.006664
-0.006664
-0.006664
-0.006664
-0.006890
-0.006846
-0.006846
-0.006918
-0.006918
-0.007018
-0.007018
-0.007118
-0.007118
-0.007118
-0.006683
-0.006759
-0.006859
-0.006859
-0.006859
-0.007059
-0.007059
-0.007059
-0.007059
-0.007159
-0.007159
-0.007025
-0.007025
-0.007025
-0.007255
-0.005981
-0.005981
-0.005981
-0.005999
-0.006099
-0.006099
-0.006087
-0.006087
-0.006355
-0.006355
-0.006348
-0.006454
-0.006454
-0.006454
-0.006454
-0.006521
-0.006521
-0.005957
-0.006057
-0.006157
-0.006157
-0.006157
-0.005816
-0.005816
-0.005816
-0.005916
-0.005916
-0.006016
-0.005916
-0.006116
-0.006116
-0.006116
-0.005989
-0.006089
-0.006089
-0.006089
-0.006108
-0.006108
-0.006108
-0.006087
-0.006087
-0.006087
-0.005924
-0.006392
-0.006392
-0.006392
-0.006492
-0.006492
-0.006492
-0.006592
-0.006692
-0.006692
-0.006718
-0.006718
-0.007032
-0.007032
-0.007032
-0.007032
-0.007032
-0.006866
-0.006866
-0.006866
-0.006966
-0.006966
-0.006966
-0.007066
-0.007033
-0.007133
-0.007133
-0.007133
-0.007133
-0.007233
-0.006852
-0.006852
-0.006590
-0.006590
-0.006590
-0.006746
-0.006846
-0.006846
-0.004581
-0.004581
-0.004581
-0.004581
-0.004672
-0.004672
-0.004814
-0.004814
-0.004814
-0.004814
-0.004814
-0.007198
-0.007298
-0.007298
-0.007398
-0.006429
-0.007398
-0.006429
-0.006429
-0.006545
-0.006545
-0.006545
-0.006545
-0.006645
-0.006645
-0.006745
-0.006745
-0.006148
-0.006248
-0.006248
-0.006724
-0.006724
-0.006706
-0.006706
-0.006806
-0.006806
-0.006906
-0.006985
-0.006985
-0.006985
-0.006985
-0.006985
-0.007085
-0.007085
-0.006014
-0.006014
-0.006114
-0.006114
-0.006114
-0.006214
-0.006214
-0.006330
-0.006430
-0.006430
-0.006530
-0.006519
-0.006519
-0.006519
-0.006519
-0.006619
-0.006306
-0.006306
-0.006306
-0.006406
-0.006506
-0.006506
-0.006974
-0.006974
-0.006385
-0.006385
-0.006469
-0.006385
-0.006469
-0.006469
-0.006569
-0.006569
-0.006669
-0.006669
-0.006669
-0.006669
-0.006494
-0.006494
-0.006494
-0.006594
-0.006694
-0.006794
-0.006794
-0.006673
-0.006657
-0.006657
-0.006657
-0.006520
-0.006520
-0.006728
-0.006728
-0.007230
-0.007230
-0.007230
-0.007330
-0.007330
-0.007411
-0.007511
-0.007459
-0.007459
-0.007459
-0.007459
-0.007559
-0.007740
-0.007559
-0.007740
-0.007740
-0.007740
-0.007961
-0.007961
-0.007975
-0.007974
-0.007974
-0.008074
-0.008074
-0.008174
-0.008174
-0.008317
-0.008317
-0.007898
-0.007898
-0.007898
-0.007998
-0.007458
-0.007458
-0.007558
-0.007558
-0.007558
-0.007558
-0.008402
-0.008402
-0.008402
-0.008602
-0.008602
-0.008602
-0.006315
-0.006315
-0.006234
-0.006234
-0.006234
-0.006287
-0.006287
-0.006387
-0.006277
-0.006377
-0.006377
-0.006377
-0.006477
-0.006477
-0.006577
-0.006577
-0.006577
-0.006677
-0.006677
-0.005888
-0.005888
-0.005988
-0.005988
-0.005988
-0.006088
-0.006188
-0.006288
-0.006288
-0.005615
-0.005615
-0.005615
-0.005615
-0.005615
-0.005715
-0.005815
-0.005815
-0.005592
-0.005592
-0.005592
-0.005692
-0.005692
-0.005792
-0.007116
-0.007116
-0.007216
-0.007216
-0.007384
-0.007384
-0.005135
-0.005135
-0.005135
-0.005235
-0.005335
-0.005335
-0.005335
-0.005535
-0.005535
-0.005535
-0.005535
-0.005635
-0.006022
-0.006022
-0.006022
-0.006022
-0.006022
-0.006122
-0.006222
-0.006222
-0.006222
-0.006187
-0.006187
-0.005860
-0.005960
-0.006054
-0.006054
-0.006054
-0.006140
-0.006140
-0.006140
-0.006240
-0.005652
-0.005808
-0.005808
-0.005908
-0.005908
-0.005908
-0.006008
-0.006008
-0.006108
-0.006008
-0.006235
-0.006235
-0.006435
-0.006435
-0.006435
-0.006435
-0.006435
-0.006435
-0.006606
-0.006606
-0.006606
-0.006706
-0.006706
-0.006806
-0.006979
-0.007079
-0.006979
-0.006979
-0.007179
-0.007179
-0.007279
-0.007279
-0.007279
-0.007460
-0.007980
-0.007980
-0.007980
-0.008181
-0.008181
-0.007127
-0.007127
-0.007194
-0.007194
-0.007194
-0.007023
-0.007023
-0.007023
-0.007023
-0.011781
-0.005501
-0.005501
-0.005501
-0.006251
-0.006251
-0.006251
-0.006351
-0.006343
-0.006343
-0.006264
-0.006264
-0.006121
-0.006121
-0.006154
-0.006154
-0.006254
-0.006254
-0.006040
-0.006040
-0.006040
-0.006140
-0.006240
-0.006240
-0.006240
-0.006340
-0.006340
-0.006323
-0.006523
-0.006523
-0.006523
-0.006523
-0.006523
-0.006463
-0.006531
-0.006531
-0.006531
-0.006631
-0.006631
-0.006731
-0.006731
-0.006831
-0.006931
-0.006931
-0.006931
-0.007031
-0.007131
-0.007131
-0.007005
-0.007005
-0.007105
-0.007105
-0.006305
-0.006305
-0.006305
-0.006540
-0.006640
-0.006640
-0.005992
-0.006192
-0.005992
-0.006192
-0.006192
-0.006192
-0.006192
-0.006528
-0.006628
-0.006628
-0.006734
-0.006734
-0.006834
-0.006834
-0.006934
-0.006934
-0.007034
-0.007034
-0.007034
-0.007105
-0.007205
-0.007205
-0.007305
-0.007405
-0.007405
-0.007405
-0.006201
-0.006201
-0.006201
-0.006301
-0.006401
-0.006401
-0.006501
-0.006501
-0.006701
-0.006701
-0.006701
-0.006662
-0.006662
-0.006762
-0.006762
-0.006762
-0.005211
-0.005211
-0.005311
-0.005211
-0.005411
-0.005306
-0.005306
-0.005306
-0.005406
-0.005406
-0.005406
-0.005506
-0.005606
-0.005398
-0.005398
-0.005398
-0.005398
-0.005498
-0.005498
-0.005598
-0.005598
-0.005576
-0.005676
-0.005676
-0.005641
-0.005641
-0.005641
-0.005641
-0.005741
-0.005841
-0.005841
-0.005841
-0.005841
-0.005830
-0.005830
-0.005930
-0.006030
-0.006030
-0.006030
-0.006130
-0.006230
-0.006230
-0.006230
-0.006216
-0.006216
-0.006316
-0.006475
-0.006475
-0.006475
-0.006293
-0.006293
-0.006393
-0.006393
-0.005629
-0.005629
-0.005629
-0.006009
-0.006009
-0.006009
-0.006009
-0.006009
-0.006233
-0.006233
-0.006233
-0.006333
-0.006333
-0.006333
-0.006433
-0.006333
-0.006533
-0.006633
-0.006633
-0.004266
-0.004266
-0.004266
-0.004232
-0.004232
-0.004332
-0.004550
-0.004550
-0.004550
-0.004846
-0.004946
-0.004946
-0.004937
-0.005037
-0.005037
-0.005037
-0.005245
-0.005245
-0.005245
-0.005245
-0.005345
-0.005345
-0.005345
-0.005499
-0.005399
-0.005499
-0.005499
-0.005599
-0.005699
-0.005717
-0.005717
-0.005717
-0.005607
-0.005607
-0.005707
-0.005707
-0.005707
-0.005325
-0.005425
-0.005425
-0.005490
-0.005490
-0.005490
-0.005549
-0.005549
-0.005520
-0.005520
-0.005720
-0.005720
-0.005720
-0.005720
-0.005720
-0.005720
-0.005820
-0.005920
-0.005920
-0.005920
-0.006201
-0.006201
-0.006301
-0.006301
-0.006043
-0.006143
-0.006143
-0.006143
-0.006212
-0.006105
-0.006105
-0.006105
-0.006205
-0.006305
-0.006305
-0.006305
-0.006405
-0.006405
-0.006505
-0.006587
-0.006505
-0.006687
-0.006687
-0.006286
-0.006286
-0.006286
-0.006286
-0.006248
-0.006248
-0.005870
-0.005870
-0.005870
-0.005918
-0.006039
-0.006039
-0.006139
-0.006176
-0.006176
-0.006287
-0.006176
-0.006287
-0.006387
-0.006387
-0.006387
-0.005686
-0.005686
-0.005786
-0.005786
-0.005910
-0.005910
-0.005955
-0.005955
-0.006055
-0.006002
-0.006002
-0.006202
-0.006202
-0.006202
-0.006202
-0.006202
-0.006202
-0.006311
-0.006311
-0.006279
-0.006279
-0.006279
-0.005548
-0.005548
-0.005648
-0.005748
-0.005748
-0.005748
-0.005848
-0.005948
-0.005948
-0.006048
-0.006082
-0.006082
-0.006082
-0.006082
-0.006143
-0.006243
-0.006243
-0.006243
-0.006343
-0.005300
-0.005300
-0.005500
-0.005500
-0.005500
-0.005500
-0.005508
-0.005508
-0.005508
-0.005608
-0.005608
-0.005733
-0.005733
-0.005833
-0.005933
-0.005933
-0.006033
-0.006033
-0.006033
-0.006033
-0.006591
-0.006509
-0.006509
-0.006609
-0.006709
-0.006709
-0.006709
-0.006602
-0.006602
-0.006702
-0.006181
-0.006181
-0.006281
-0.006281
-0.006481
-0.006481
-0.006481
-0.006481
-0.006481
-0.003341
-0.003341
-0.003341
-0.003341
-0.003442
-0.003442
-0.003542
-0.003642
-0.003642
-0.003642
-0.003742
-0.004157
-0.004257
-0.004257
-0.004257
-0.004666
-0.004566
-0.004666
-0.004666
-0.004766
-0.004766
-0.004766
-0.004592
-0.004692
-0.004692
-0.004792
-0.004792
-0.004792
-0.004806
-0.004806
-0.004806
-0.004661
-0.004661
-0.004750
-0.004750
-0.004750
-0.004850
-0.004850
-0.004950
-0.004950
-0.004757
-0.004757
-0.004757
-0.004735
-0.004735
-0.004835
-0.004835
-0.004835
-0.004864
-0.004864
-0.005092
-0.005224
-0.005224
-0.005224
-0.005449
-0.005449
-0.005449
-0.005270
-0.005270
-0.005470
-0.005470
-0.005470
-0.005470
-0.005197
-0.005197
-0.005305
-0.005305
-0.005300
-0.005300
-0.005300
-0.005217
-0.005317
-0.005317
-0.005317
-0.005538
-0.005559
-0.005559
-0.005301
-0.005301
-0.005301
-0.005501
-0.005501
-0.005501
-0.005501
-0.005601
-0.005601
-0.005701
-0.005801
-0.005701
-0.006019
-0.006019
-0.006019
-0.004777
-0.004777
-0.004777
-0.004777
-0.004977
-0.004977
-0.005027
-0.005027
-0.005027
-0.005027
-0.004323
-0.004202
-0.004202
-0.004208
-0.004208
-0.004431
-0.004431
-0.004435
-0.004431
-0.004435
-0.004435
-0.004751
-0.004751
-0.004380
-0.004380
-0.004340
-0.004340
-0.004440
-0.004440
-0.004540
-0.004740
-0.004740
-0.004740
-0.004740
-0.004740
-0.003673
-0.003673
-0.003673
-0.004003
-0.004003
-0.004258
-0.004258
-0.004358
-0.004301
-0.004401
-0.004401
-0.004401
-0.004401
-0.004501
-0.004398
-0.003835
-0.004398
-0.003835
-0.004747
-0.004747
-0.004428
-0.004428
-0.004281
-0.004428
-0.004376
-0.004476
-0.004476
-0.004476
-0.004476
-0.004653
-0.004653
-0.004653
-0.004753
-0.004609
-0.004609
-0.004609
-0.004609
-0.004609
-0.004306
-0.004534
-0.004534
-0.004634
-0.004525
-0.004525
-0.004452
-0.004452
-0.004452
-0.004552
-0.004652
-0.004652
-0.004518
-0.004518
-0.004518
-0.004618
-0.004618
-0.004618
-0.004718
-0.004818
-0.004642
-0.004825
-0.004642
-0.004825
-0.004825
-0.004825
-0.006957
-0.003681
-0.003681
-0.003681
-0.003781
-0.003781
-0.003781
-0.003705
-0.003705
-0.003805
-0.003905
-0.003905
-0.003905
-0.003797
-0.003897
-0.003897
-0.003897
-0.004194
-0.004194
-0.004194
-0.004194
-0.004294
-0.004310
-0.004310
-0.004018
-0.004018
-0.003916
-0.003916
-0.004116
-0.004116
-0.004116
-0.004116
-0.004216
-0.004260
-0.004260
-0.004260
-0.004260
-0.004106
-0.004106
-0.004206
-0.004306
-0.004303
-0.004303
-0.004303
-0.004225
-0.004225
-0.004325
-0.004325
-0.004325
-0.004425
-0.004525
-0.004525
-0.004525
-0.004625
-0.004625
-0.004725
-0.003710
-0.003710
-0.003810
-0.003810
-0.003810
-0.004010
-0.004010
-0.004010
-0.004010
-0.004045
-0.004045
-0.004045
-0.004145
-0.004145
-0.003909
-0.003909
-0.003909
-0.004131
-0.004009
-0.004131
-0.004231
-0.004231
-0.003972
-0.003972
-0.003972
-0.004072
-0.004072
-0.004172
-0.003777
-0.003777
-0.003876
-0.003876
-0.003876
-0.003177
-0.003177
-0.003177
-0.003177
-0.003377
-0.003377
-0.003377
-0.003377
-0.003438
-0.003438
-0.003438
-0.003438
-0.003456
-0.003456
-0.003556
-0.003656
-0.003656
-0.003756
-0.003756
-0.003756
-0.003728
-0.003728
-0.003828
-0.003828
-0.004337
-0.004437
-0.004437
-0.002415
-0.002415
-0.002415
-0.002636
-0.002736
-0.002736
-0.002798
-0.002798
-0.002998
-0.002998
-0.002998
-0.002998
-0.003403
-0.003403
-0.003503
-0.003503
-0.003503
-0.003603
-0.003603
-0.003455
-0.003555
-0.003555
-0.003723
-0.003682
-0.003682
-0.003682
-0.003682
-0.003661
-0.003761
-0.003776
-0.003776
-0.003776
-0.003876
-0.003876
-0.003876
-0.003876
-0.003916
-0.004076
-0.003916
-0.003916
-0.003666
-0.003666
-0.003666
-0.003666
-0.003498
-0.003498
-0.003521
-0.003521
-0.003621
-0.003621
-0.004061
-0.004061
-0.004161
-0.002740
-0.002740
-0.002740
-0.002740
-0.002715
-0.002840
-0.002715
-0.002715
-0.002897
-0.002897
-0.002897
-0.002997
-0.002997
-0.003097
-0.003097
-0.003197
-0.003197
-0.003129
-0.003129
-0.003329
-0.003329
-0.003329
-0.003329
-0.003329
-0.002760
-0.002760
-0.002760
-0.002860
-0.002860
-0.002860
-0.002960
-0.003037
-0.003037
-0.003137
-0.003137
-0.003237
-0.003237
-0.003237
-0.003337
-0.003337
-0.003437
-0.003537
-0.003537
-0.003345
-0.003345
-0.003345
-0.003445
-0.003445
-0.003445
-0.002438
-0.002183
-0.002183
-0.002438
-0.002438
-0.002438
-0.002004
-0.002004
-0.002104
-0.002104
-0.002104
-0.002204
-0.002304
-0.002204
-0.002304
-0.002404
-0.002404
-0.002504
-0.002504
-0.002962
-0.002962
-0.003062
-0.003110
-0.003110
-0.003363
-0.003363
-0.003363
-0.003363
-0.003463
-0.002902
-0.002902
-0.003002
-0.003102
-0.003102
-0.003121
-0.003121
-0.003121
-0.003221
-0.003121
-0.003221
-0.003321
-0.003321
-0.003321
-0.003352
-0.003152
-0.003152
-0.003152
-0.003072
-0.003172
-0.003172
-0.003172
-0.002767
-0.002867
-0.002867
-0.002867
-0.002905
-0.003005
-0.003005
-0.003005
-0.002832
-0.002832
-0.002860
-0.002860
-0.002895
-0.002895
-0.002895
-0.002950
-0.002950
-0.002950
-0.002950
-0.003050
-0.003150
-0.003150
-0.003150
-0.003150
-0.003250
-0.003150
-0.002744
-0.002744
-0.002944
-0.002844
-0.002844
-0.002944
-0.002066
-0.002066
-0.002166
-0.002166
-0.002166
-0.002308
-0.002308
-0.002308
-0.002308
-0.002408
-0.002388
-0.002388
-0.002388
-0.002575
-0.002559
-0.002716
-0.002716
-0.002716
-0.002716
-0.002716
-0.002816
-0.002816
-0.002748
-0.002748
-0.002848
-0.002848
-0.002848
-0.002948
-0.002848
-0.002150
-0.002250
-0.002250
-0.002249
-0.002249
-0.002378
-0.002378
-0.002378
-0.002429
-0.002429
-0.002429
-0.002193
-0.002193
-0.002293
-0.002293
-0.002293
-0.002493
-0.002493
-0.002391
-0.002391
-0.002391
-0.002391
-0.002391
-0.002491
-0.002491
-0.002560
-0.002560
-0.002660
-0.002660
-0.002660
-0.002760
-0.002760
-0.002205
-0.002305
-0.002305
-0.002405
-0.002405
-0.002505
-0.002505
-0.002605
-0.002518
-0.002605
-0.002518
-0.002518
-0.002341
-0.002341
-0.002541
-0.002541
-0.002205
-0.002177
-0.002177
-0.002313
-0.002313
-0.002313
-0.002313
-0.002313
-0.003226
-0.003226
-0.003226
-0.001887
-0.001887
-0.001887
-0.001887
-0.001987
-0.002178
-0.002278
-0.002278
-0.002278
-0.002296
-0.002174
-0.002174
-0.002274
-0.002274
-0.002275
-0.002323
-0.002323
-0.002323
-0.002323
-0.002365
-0.002365
-0.002123
-0.002123
-0.002323
-0.002323
-0.002323
-0.002323
-0.002323
-0.002423
-0.002423
-0.001785
-0.001785
-0.001785
-0.001813
-0.001813
-0.001913
-0.001913
-0.001946
-0.001603
-0.001603
-0.001686
-0.001686
-0.001686
-0.001786
-0.001767
-0.001767
-0.001767
-0.001867
-0.001867
-0.001967
-0.001967
-0.002067
-0.002067
-0.002070
-0.002170
-0.002170
-0.000948
-0.000948
-0.000948
-0.000948
-0.001048
-0.001148
-0.001148
-0.001148
-0.001248
-0.001248
-0.001248
-0.001348
-0.001448
-0.001619
-0.001619
-0.001619
-0.001648
-0.001648
-0.001748
-0.001748
-0.001848
-0.001848
-0.001948
-0.001948
-0.001752
-0.001752
-0.001852
-0.001852
-0.000106
-0.000106
-0.000206
-0.000206
-0.000406
-0.000406
-0.000406
-0.000406
-0.000406
-0.000456
-0.000556
-0.000556
-0.000656
-0.000656
-0.000937
-0.000937
-0.001037
-0.001037
-0.001244
-0.001244
-0.001290
-0.001290
-0.001290
-0.001328
-0.001228
-0.001428
-0.001428
-0.001428
-0.001528
-0.001528
-0.001528
-0.000269
-0.000369
-0.000369
-0.000608
-0.000608
-0.000608
-0.000808
-0.000808
-0.000808
-0.000818
-0.000818
-0.000918
-0.000918
-0.000944
-0.000944
-0.000944
-0.001044
-0.001044
-0.000387
-0.000487
-0.000487
-0.000487
-0.000269
0.000628
0.000628
0.000528
0.000528
0.000213
0.000213
0.000265
0.000265
0.000165
0.000165
-0.000267
-0.000267
-0.000367
-0.000640
-0.000640
-0.000640
-0.000640
-0.000640
-0.000451
-0.001155
-0.001155
-0.001155
-0.000901
-0.000901
-0.000901
-0.001001
-0.001001
-0.000812
-0.000912
-0.000912
-0.000979
-0.000979
-0.000808
-0.000808
-0.000808
-0.000908
-0.000766
-0.000766
-0.000866
-0.000866
-0.000866
-0.000966
-0.001066
-0.000423
-0.000423
-0.000423
-0.000523
-0.000977
-0.000977
-0.000977
-0.000818
-0.000893
-0.000818
-0.000818
-0.000818
-0.000918
-0.000918
-0.001022
-0.001022
-0.001222
-0.001222
-0.001222
-0.000460
-0.000460
-0.000460
-0.000560
-0.000660
-0.000660
-0.000676
-0.000676
-0.000671
-0.000671
-0.000671
-0.000771
-0.000853
-0.000853
-0.000953
-0.000953
-0.000953
-0.000928
-0.000928
-0.000928
-0.000928
-0.000917
-0.000917
-0.000917
-0.000917
-0.001063
-0.001063
-0.001063
-0.000092
-0.000192
-0.000292
-0.000292
-0.000292
-0.000318
-0.000418
-0.000418
-0.000518
-0.000518
-0.000618
-0.000618
-0.000618
0.000307
0.000207
0.000207
0.000207
0.000116
0.000116
0.000016
0.000098
0.000098
0.000098
0.000098
-0.000851
-0.000851
-0.000655
-0.000655
-0.000993
-0.000993
-0.000993
-0.000993
-0.001093
-0.001193
-0.001293
-0.001293
-0.001393
-0.001393
-0.000084
-0.000084
-0.000084
-0.000157
-0.000257
-0.000257
-0.000257
-0.000357
-0.000357
-0.000457
-0.000457
-0.000418
0.000296
-0.000321
-0.000321
-0.000321
-0.000321
-0.000321
-0.000201
-0.000201
-0.000301
-0.000301
-0.000401
-0.000401
-0.000501
-0.000501
-0.000501
0.000111
0.000011
0.000011
0.000011
0.000099
0.000099
0.000099
0.000099
-0.000001
-0.000073
-0.000073
-0.000091
-0.000091
-0.000091
-0.000191
-0.000291
-0.000291
-0.000391
-0.000391
-0.000391
-0.000491
-0.000491
-0.000491
-0.000081
-0.000181
-0.000181
-0.000281
-0.000281
-0.000281
-0.000281
-0.000381
-0.000381
-0.000481
-0.000581
-0.000581
-0.000564
-0.000564
-0.000664
-0.000664
-0.000664
0.000376
0.000376
0.000376
0.000376
0.000306
0.000268
0.000306
0.000268
0.000335
0.000235
0.000235
0.000374
0.000374
0.000374
0.000374
0.001221
0.001221
0.001121
0.001121
0.001021
0.001021
0.001021
0.000921
0.000821
0.000757
0.000757
0.000757
0.000757
0.000648
0.000648
0.000548
0.000548
0.001211
0.000916
0.000916
0.000965
0.000965
0.000965
0.000865
0.000865
0.000765
0.000737
0.000737
0.000637
0.000537
0.000537
0.000537
0.001302
0.001302
0.001202
0.001202
0.001050
0.001050
0.001050
0.000950
0.000850
0.000850
0.000750
0.000750
0.001183
0.001183
0.001083
0.001083
0.001083
0.000983
0.000983
0.000883
0.000686
0.000686
0.000686
0.000643
0.000643
0.000543
0.000714
0.000714
0.000514
0.000514
0.000514
0.000514
0.000514
0.000302
0.000202
0.000202
0.000215
0.000215
0.000523
0.000523
0.000523
0.000323
0.000323
0.000323
0.001561
0.001561
0.001561
0.001461
0.001461
0.001361
0.001162
0.001050
0.001050
0.001050
0.000939
0.001050
0.000839
0.000848
0.000848
0.000677
0.000677
0.000677
0.000677
0.000677
0.000871
0.000771
0.000771
0.000771
0.000771
0.000569
0.000569
0.000469
0.000469
0.000727
0.000627
0.000627
0.000627
0.001080
0.000980
0.000980
0.000780
0.000880
0.000780
0.000780
0.000780
0.000879
0.000779
0.000779
0.000888
0.000788
0.000788
0.000788
0.000588
0.000588
0.000588
0.001282
0.001282
0.001182
0.001182
0.001182
0.001182
0.001082
0.000930
0.000830
0.000830
0.000830
0.000730
0.000630
0.000630
0.000630
0.000630
0.000630
0.000672
0.002165
0.002065
0.002065
0.002027
0.002027
0.002027
0.001927
0.001927
0.001827
0.001727
0.001727
0.002306
0.002306
0.002306
0.002306
0.002306
0.001948
0.002053
0.002053
0.002050
0.002050
0.002050
0.001990
0.001990
0.001810
0.001810
0.001810
0.001810
0.001710
0.001678
0.001678
0.001643
0.001543
0.001543
0.001543
0.001653
0.001653
0.001653
0.001553
0.001553
0.001466
0.001366
0.001366
0.001166
0.001166
0.001166
0.001166
0.001166
0.003442
0.003442
0.003442
0.003342
0.003342
0.003342
0.003242
0.003242
0.003142
0.003042
0.003042
0.002942
0.002942
0.002842
0.002842
0.002842
0.003383
0.003383
0.003383
0.003283
0.003283
0.003190
0.003090
0.003090
0.003090
0.002990
0.002990
0.002790
0.002790
0.002790
0.002790
0.002690
0.002690
0.002656
0.002656
0.002656
0.002891
0.002891
0.002791
0.002791
0.002970
0.002970
0.002970
0.002870
0.002870
0.002770
0.002770
0.002574
0.002770
0.002574
0.002905
0.002905
0.002805
0.002784
0.002784
0.002784
0.002684
0.002712
0.002850
0.002850
0.002850
0.002850
0.002850
0.002850
0.002750
0.002605
0.002605
0.002605
0.002505
0.002505
0.003439
0.003339
0.003339
0.003339
0.003239
0.003239
0.003239
0.003246
0.003246
0.003246
0.003146
0.003046
0.003046
0.002946
0.002946
0.002946
0.002846
0.003389
0.003289
0.003289
0.003289
0.003206
0.003206
0.003206
0.003106
0.003106
0.003106
0.003006
0.003006
0.003006
0.003369
0.003369
0.003269
0.003269
0.003269
0.003169
0.003069
0.002969
0.002969
0.002819
0.002819
0.002758
0.002758
0.002758
0.002754
0.002754
0.002654
0.002654
0.003052
0.003052
0.002952
0.003685
0.003685
0.003438
0.003438
0.003438
0.003438
0.003449
0.003449
0.003349
0.003349
0.003349
0.003249
0.003249
0.003149
0.003548
0.003548
0.003448
0.003448
0.003448
0.003348
0.003248
0.003248
0.003411
0.003451
0.003451
0.003451
0.003451
0.003351
0.003251
0.003251
0.003251
0.003051
0.003051
0.003051
0.004087
0.004087
0.004087
0.004087
0.004183
0.004183
0.004083
0.004083
0.004083
0.004009
0.004009
0.003909
0.003909
0.003809
0.003709
0.003709
0.003752
0.003752
0.003752
0.003822
0.003702
0.003702
0.003634
0.003634
0.003621
0.003621
0.003521
0.003521
0.003421
0.003801
0.003421
0.004072
0.004072
0.004072
0.004072
0.004072
0.003972
0.003872
0.003872
0.003872
0.004096
0.004096
0.004096
0.004070
0.003970
0.003970
0.004076
0.004076
0.004076
0.004000
0.004185
0.004185
0.004427
0.004427
0.004327
0.004327
0.004327
0.004326
0.004326
0.004229
0.004365
0.004265
0.004265
0.004265
0.004065
0.004065
0.004065
0.004065
0.003993
0.004146
0.004146
0.004146
0.004146
0.004046
0.004219
0.004219
0.004141
0.004141
0.004141
0.004416
0.004424
0.004424
0.004324
0.004324
0.004324
0.004124
0.004124
0.004124
0.004374
0.004374
0.004374
0.004274
0.004274
0.004174
0.004074
0.004074
0.003874
0.003874
0.003874
0.003874
0.004823
0.004723
0.004823
0.004723
0.004623
0.004623
0.004623
0.004523
0.004523
0.004323
0.004323
0.004480
0.004480
0.004480
0.004380
0.004380
0.004302
0.004202
0.004202
0.004202
0.004102
0.004102
0.004102
0.003902
0.003902
0.003902
0.004834
0.004708
0.004708
0.004708
0.004708
0.004708
0.005428
0.005428
0.005328
0.005328
0.005228
0.005228
0.005128
0.005128
0.005028
0.005028
0.004928
0.004928
0.005132
0.005032
0.005032
0.004978
0.005032
0.004878
0.004878
0.004878
0.004878
0.004887
0.004887
0.004749
0.004873
0.004873
0.004910
0.004776
0.004776
0.004776
0.004776
0.005317
0.004776
0.005317
0.005317
0.005217
0.005117
0.005217
0.005189
0.005189
0.005189
0.005464
0.005464
0.005464
0.005464
0.005488
0.005488
0.005388
0.005613
0.005613
0.005513
0.005513
0.005513
0.005562
0.005978
0.005978
0.005978
0.005868
0.005868
0.005495
0.005495
0.005495
0.005495
0.005495
0.005019
0.005019
0.005382
0.005382
0.005364
0.005364
0.005419
0.005419
0.005419
0.005706
0.005706
0.005706
0.005706
0.005606
0.005506
0.005506
0.005506
0.005826
0.005726
0.005726
0.005626
0.005626
0.006120
0.006120
0.006020
0.006422
0.006422
0.006422
0.006067
0.006067
0.006067
0.005967
0.005967
0.005867
0.005867
0.005867
0.005767
0.005767
0.006202
0.006102
0.006102
0.006002
0.006002
0.006002
0.006002
0.006417
0.006417
0.006417
0.006317
0.006317
0.006317
0.006217
0.006217
0.006493
0.006393
0.006393
0.006293
0.006293
0.006492
0.006692
0.006492
0.006492
0.006492
0.006392
0.006492
0.006124
0.006124
0.006155
0.006124
0.006155
0.006157
0.006157
0.006157
0.006057
0.006057
0.005957
0.005957
0.005857
0.006222
0.006222
0.006629
0.006629
0.006606
0.006606
0.006409
0.006409
0.006409
0.006273
0.007242
0.007242
0.007142
0.007142
0.006942
0.006942
0.006942
0.006942
0.006942
0.007638
0.007538
0.007538
0.007538
0.007438
0.007438
0.007342
0.007208
0.007342
0.007108
0.007108
0.007108
0.007008
0.006927
0.006927
0.006927
0.006827
0.006837
0.006837
0.006754
0.006754
0.006754
0.006837
0.006814
0.006714
0.006814
0.006714
0.006714
0.006514
0.006514
0.006514
0.007970
0.007970
0.007970
0.007970
0.007735
0.007735
0.007635
0.007535
0.007535
0.007535
0.007435
0.007435
0.007435
0.007450
0.007450
0.007350
0.007350
0.007265
0.007288
0.007288
0.007288
0.007334
0.007334
0.007234
0.007234
0.007067
0.006967
0.006967
0.006915
0.006867
0.006915
0.006915
0.007050
0.006950
0.006950
0.006950
0.006913
0.006913
0.006813
0.006813
0.006713
0.006713
0.006713
0.006614
0.006558
0.006558
0.006814
0.006814
0.006714
0.006714
0.006677
0.006677
0.006677
0.006647
0.006547
0.006547
0.006447
0.006347
0.006347
0.006347
0.006779
0.006779
0.006779
0.006779
0.006679
0.006679
0.006805
0.006805
0.006847
0.006847
0.006847
0.006747
0.006647
0.006647
0.006934
0.006934
0.006934
0.006834
0.006834
0.006950
0.006950
0.006950
0.006941
0.006941
0.006841
0.006841
0.006841
0.006841
0.006792
0.006592
0.006592
0.006392
0.006392
0.006392
0.006392
0.006392
0.006292
0.006462
0.006462
0.006462
0.006462
0.006362
0.006362
0.006262
0.006262
0.006162
0.006080
0.006080
0.006355
0.006355
0.006255
0.006255
0.006255
0.006263
0.006263
0.006263
0.006206
0.006206
0.006206
0.006221
0.006221
0.006021
0.006021
0.006315
0.006315
0.006315
0.006315
0.006315
0.006315
0.006215
0.006115
0.006115
0.006115
0.006040
0.006040
0.005940
0.005840
0.005840
0.006841
0.006841
0.006841
0.006741
0.006741
0.006582
0.006582
0.007155
0.007155
0.007155
0.007055
0.007055
0.007055
0.007055
0.007794
0.007794
0.007556
0.007356
0.007356
0.007356
0.007356
0.007356
0.007504
0.007504
0.007404
0.007404
0.007304
0.007304
0.007304
0.007204
0.007104
0.007484
0.007484
0.007484
0.007384
0.007324
0.007324
0.007324
0.007324
0.007241
0.007805
0.007805
0.007805
0.007705
0.007705
0.007605
0.007505
0.007445
0.007445
0.007111
0.007111
0.007111
0.007111
0.007111
0.007111
0.007011
0.007017
0.006986
0.006986
0.006986
0.007372
0.007397
0.007397
0.007397
0.007286
0.007286
0.007186
0.006844
0.006844
0.006744
0.006744
0.006744
0.006865
0.006865
0.006765
0.006765
0.006686
0.006686
0.006686
0.006603
0.006604
0.006568
0.006568
0.006568
0.006568
0.006568
0.006568
0.006461
0.007265
0.007265
0.007165
0.007165
0.006815
0.006815
0.006815
0.006715
0.007169
0.007169
0.008430
0.008430
0.008096
0.008096
0.008096
0.007833
0.007833
0.007833
0.007733
0.007733
0.007755
0.007755
0.007688
0.007588
0.007588
0.007588
0.007773
0.007773
0.007773
0.007773
0.007642
0.007642
0.007666
0.007666
0.007566
0.007566
0.007566
0.007489
0.007489
0.007389
0.007389
0.007389
0.007289
0.007289
0.007289
0.007189
0.007089
0.007089
0.006989
0.008195
0.006989
0.008195
0.008095
0.008095
0.007995
0.007995
0.007966
0.007966
0.007766
0.007766
0.007766
0.007766
0.007625
0.007864
0.007864
0.007864
0.007764
0.007764
0.007764
0.008063
0.008063
0.008269
0.008269
0.008169
0.008125
0.008125
0.008125
0.008025
0.008025
0.008011
0.008011
0.008011
0.008011
0.007911
0.007911
0.008149
0.008049
0.008026
0.008026
0.007945
0.008026
0.007945
0.007945
0.007945
0.007984
0.008154
0.008154
0.008154
0.008154
0.008191
0.008211
0.008211
0.008211
0.008194
0.008194
0.008194
0.008094
0.008094
0.008466
0.008466
0.008366
0.008266
0.008266
0.008266
0.008261
0.008261
0.008072
0.008072
0.008072
0.008006
0.008106
0.007835
0.007835
0.007835
0.007835
0.007735
0.007735
0.007533
0.007533
0.007533
0.007433
0.007433
0.007433
0.007333
0.007680
0.007680
0.007580
0.007580
0.007480
0.007480
0.007480
0.007380
0.007882
0.007782
0.007782
0.007782
0.007782
0.007428
0.007770
0.007770
0.007770
0.007570
0.007570
0.007694
0.007694
0.007694
0.007694
0.007594
0.007694
0.007594
0.007594
0.007494
0.008366
0.008366
0.008366
0.008266
0.008266
0.008166
0.008066
0.008066
0.008066
0.008288
0.008188
0.008188
0.008088
0.008088
0.007988
0.007988
0.007988
0.007888
0.007888
0.007788
0.005862
0.005862
0.005837
0.005837
0.005746
0.005746
0.005746
0.005746
0.005746
0.005813
0.005813
0.005813
0.006449
0.006449
0.006349
0.006349
0.006249
0.006032
0.006032
0.006032
0.004986
0.004986
0.004986
0.004886
0.004892
0.004792
0.004792
0.004792
0.004692
0.004692
0.004692
0.004679
0.005355
0.005255
0.005255
0.005255
0.005055
0.005055
0.005055
0.005055
0.005278
0.005278
0.005178
0.005178
0.005178
0.005505
0.005543
0.005543
0.005443
0.005343
0.005343
0.005343
0.005343
0.005555
0.005455
0.005455
-0.008436
-0.008436
-0.008436
-0.008214
-0.008314
-0.008314
-0.008314
-0.008191
-0.008191
-0.008391
-0.008391
-0.008599
-0.008599
-0.008599
-0.008599
-0.008599
-0.008724
-0.008624
-0.008724
-0.008724
-0.008573
-0.008573
-0.008573
-0.008673
-0.008773
-0.008773
-0.008873
-0.008873
-0.008973
-0.008973
-0.008571
-0.008571
-0.008597
-0.008298
-0.008298
-0.008298
-0.008298
-0.008398
-0.008398
-0.008498
-0.008598
-0.008598
-0.008594
-0.008594
-0.008794
-0.008794
-0.008794
-0.008794
-0.008794
-0.008143
-0.008243
-0.008243
-0.008343
-0.008343
-0.008343
-0.008443
-0.008543
-0.007898
-0.007898
-0.007898
-0.007898
-0.007998
-0.007998
-0.008098
-0.008098
-0.008298
-0.008298
-0.008298
-0.008298
-0.008398
-0.008398
-0.008398
-0.008598
-0.008598
-0.008698
-0.008698
-0.009071
-0.009071
-0.009071
-0.009071
-0.008771
-0.008771
-0.008605
-0.008605
-0.008605
-0.008705
-0.008805
-0.008805
-0.008905
-0.008905
