-0.002987
-0.002987
-0.003087
-0.003187
-0.003187
-0.003187
-0.003287
-0.003287
-0.003387
-0.003487
-0.003587
-0.003587
-0.003587
-0.003787
-0.003787
-0.003787
-0.003787
-0.003787
-0.003987
-0.003887
-0.003987
-0.003987
-0.004087
-0.004087
-0.004187
-0.004187
-0.004287
-0.004387
-0.004387
-0.004487
-0.004587
-0.004587
-0.004587
-0.004687
-0.004687
-0.004787
-0.004887
-0.004887
-0.004887
-0.004887
-0.004987
-0.004987
-0.005087
-0.005187
-0.005187
-0.002016
-0.002016
-0.002016
-0.002016
-0.002016
-0.002216
-0.002216
-0.002216
-0.002216
-0.002316
-0.002316
-0.002416
-0.002416
-0.002516
-0.002616
-0.002616
-0.002716
-0.002716
-0.002816
-0.002816
-0.002816
-0.003016
-0.003016
-0.003016
-0.003016
-0.003016
-0.003116
-0.003116
-0.003316
-0.003316
-0.003416
-0.003416
-0.003616
-0.003616
-0.003616
-0.003616
-0.003616
-0.003616
-0.003816
-0.003816
-0.003816
-0.003916
-0.004016
-0.004016
-0.004116
-0.004116
-0.004216
-0.004216
-0.004316
-0.004316
-0.004416
-0.004416
-0.004416
-0.004516
-0.004616
-0.004616
-0.004616
-0.004716
-0.004716
-0.004816
-0.004816
-0.004816
-0.005016
-0.005016
-0.005116
-0.000457
-0.000457
-0.000457
-0.000457
-0.000557
-0.000657
-0.000657
-0.000757
-0.000757
-0.000757
-0.000757
-0.000957
-0.000957
-0.001057
-0.001057
-0.001057
-0.001257
-0.001257
-0.001257
-0.001257
-0.001457
-0.001457
-0.001457
-0.001557
-0.001557
-0.001557
-0.001657
-0.001757
-0.001757
-0.001857
-0.001857
-0.001857
-0.002057
-0.002057
-0.002057
-0.002057
-0.002157
-0.002157
-0.002257
-0.002357
-0.002357
-0.002357
-0.002457
-0.002457
-0.002557
-0.002657
-0.002657
-0.002657
-0.002757
-0.002757
-0.002857
-0.002857
-0.003057
-0.002957
-0.003057
-0.003057
-0.003157
-0.003157
-0.003257
-0.003257
-0.003357
-0.000793
-0.000793
-0.000993
-0.000993
-0.000993
-0.000993
-0.001093
-0.001093
-0.001193
-0.001193
-0.001193
-0.001293
-0.001293
-0.001293
-0.001393
-0.001493
-0.001593
-0.001693
-0.001593
-0.001693
-0.001793
-0.001793
-0.001793
-0.001993
-0.001993
-0.001993
-0.001993
-0.002093
-0.002093
-0.002193
-0.002193
-0.002393
-0.002393
-0.002393
-0.002593
-0.002593
-0.002593
-0.002593
-0.002593
-0.002693
-0.002793
-0.002793
-0.002793
-0.002793
-0.002893
-0.002893
-0.002993
-0.003093
-0.003093
-0.003193
-0.003193
-0.003193
-0.003393
-0.003393
-0.003393
-0.003493
-0.003593
-0.003593
-0.003593
-0.003693
-0.003793
-0.003793
-0.003693
-0.003793
0.000840
0.000740
0.000740
0.000540
0.000540
0.000540
0.000540
0.000540
0.000340
0.000440
0.000340
0.000340
0.000340
0.000240
0.000140
0.000140
0.000040
-0.000060
-0.000060
-0.000160
-0.000160
-0.000260
-0.000260
-0.000460
-0.000460
-0.000360
-0.000460
-0.000460
-0.000560
-0.000560
-0.000660
-0.000660
-0.000660
-0.000860
-0.000860
-0.001060
-0.001060
-0.001060
-0.001060
-0.001060
-0.001260
-0.001260
-0.001260
-0.001360
-0.001260
-0.001460
-0.001360
-0.001560
-0.001560
-0.001660
-0.001660
-0.001760
-0.001760
-0.001860
-0.001860
-0.001860
-0.002060
-0.002060
-0.002060
-0.002160
-0.002160
-0.002160
0.000030
0.000030
-0.000170
-0.000170
-0.000370
-0.000370
-0.000370
-0.000370
-0.000370
-0.000370
-0.000470
-0.000570
-0.000570
-0.000570
-0.000670
-0.000670
-0.000770
-0.000770
-0.000870
-0.000970
-0.001070
-0.000970
-0.001070
-0.001170
-0.001170
-0.001170
-0.001370
-0.001370
-0.001370
-0.001470
-0.001470
-0.001570
-0.001570
-0.001670
-0.001670
-0.001770
-0.001770
-0.001970
-0.001970
-0.001970
-0.001970
-0.002070
-0.002170
-0.002070
-0.002170
-0.002270
-0.002270
-0.002270
-0.002370
-0.002370
-0.002470
-0.002570
-0.002570
-0.002570
-0.002670
-0.002770
-0.002770
-0.002770
-0.002970
-0.002970
-0.002970
-0.002970
0.001295
0.001295
0.001195
0.001195
0.001095
0.000995
0.000995
0.000795
0.000795
0.000795
0.000795
0.000795
0.000595
0.000695
0.000595
0.000495
0.000495
0.000495
0.000395
0.000395
0.000195
0.000195
0.000195
0.000195
0.000095
-0.000005
-0.000005
-0.000005
-0.000205
-0.000205
-0.000205
-0.000305
-0.000305
-0.000305
-0.000405
-0.000405
-0.000505
-0.000605
-0.000605
-0.000805
-0.000805
-0.000805
-0.000805
-0.000805
-0.001005
-0.001005
-0.001005
-0.001105
-0.001105
-0.001105
-0.001205
-0.001205
-0.001305
-0.001405
-0.001405
-0.001505
-0.001505
-0.001605
-0.001605
-0.001605
-0.001705
-0.001805
-0.001805
-0.001805
-0.001905
-0.001905
-0.001905
0.000772
0.000872
0.000872
0.000772
0.000572
0.000572
0.000572
0.000572
0.000572
0.000572
0.000472
0.000372
0.000372
0.000272
0.000172
0.000172
0.000172
0.000072
0.000072
-0.000028
-0.000028
-0.000128
-0.000128
-0.000228
-0.000228
-0.000328
-0.000428
-0.000428
-0.000528
-0.000528
-0.000528
-0.000528
-0.000628
-0.000628
-0.000828
-0.000728
-0.000828
-0.001028
-0.001028
-0.001028
-0.001028
-0.001128
-0.001228
-0.001228
-0.001228
-0.001328
-0.001328
-0.001428
-0.001428
-0.001528
-0.001628
-0.001628
-0.001628
-0.001728
-0.001728
-0.001828
-0.001828
-0.001928
-0.002028
-0.002028
-0.002128
-0.002128
-0.002128
-0.002228
-0.002228
-0.002328
0.002224
0.002224
0.002224
0.002024
0.002024
0.002024
0.002024
0.001924
0.001824
0.001824
0.001724
0.001724
0.001624
0.001624
0.001524
0.001524
0.001424
0.001424
0.001324
0.001324
0.001224
0.001224
0.001224
0.001024
0.001024
0.001024
0.000924
0.000924
0.000924
0.000824
0.000824
0.000724
0.000724
0.000624
0.000424
0.000424
0.000424
0.000424
0.000424
0.000324
0.000224
0.000124
0.000224
0.000124
0.000124
0.000024
0.000024
0.000024
-0.000176
-0.000176
-0.000176
-0.000276
-0.000376
-0.000376
-0.000476
-0.000476
-0.000576
-0.000576
-0.000576
-0.000676
-0.000676
-0.000776
-0.000776
-0.000876
-0.000976
-0.000976
0.002865
0.002865
0.002865
0.002865
0.002765
0.002765
0.002765
0.002665
0.002565
0.002565
0.002565
0.002565
0.002465
0.002265
0.002265
0.002265
0.002265
0.002165
0.002065
0.002065
0.002065
0.001965
0.001965
0.001865
0.001865
0.001765
0.001765
0.001665
0.001565
0.001565
0.001465
0.001465
0.001465
0.001265
0.001265
0.001265
0.001265
0.001165
0.001065
0.001065
0.001065
0.000965
0.000865
0.000865
0.000865
0.000765
0.000665
0.000665
0.000565
0.000565
0.000565
0.000465
0.000465
0.000365
0.000265
0.000265
0.000265
0.000165
0.000165
0.000065
0.000065
-0.000135
-0.000035
-0.000135
0.002748
0.002748
0.002748
0.002748
0.002748
0.002648
0.002648
0.002548
0.002548
0.002448
0.002448
0.002348
0.002348
0.002248
0.002148
0.002148
0.002148
0.002148
0.002048
0.001948
0.001848
0.001848
0.001848
0.001748
0.001748
0.001648
0.001648
0.001548
0.001548
0.001548
0.001348
0.001348
0.001348
0.001148
0.001148
0.001148
0.001148
0.001048
0.001048
0.000948
0.000948
0.000848
0.000848
0.000748
0.000748
0.000548
0.000548
0.000548
0.000548
0.000448
0.000348
0.000448
0.000348
0.000348
0.000148
0.000148
0.000148
0.000048
0.000048
-0.000052
-0.000052
-0.000152
-0.000152
-0.000252
-0.000252
0.002310
0.002310
0.002310
0.002310
0.002210
0.002110
0.002110
0.002110
0.002010
0.002010
0.001910
0.001810
0.001810
0.001710
0.001710
0.001710
0.001610
0.001510
0.001510
0.001510
0.001310
0.001310
0.001310
0.001310
0.001210
0.001210
0.001110
0.001110
0.001010
0.000910
0.000910
0.000910
0.000710
0.000710
0.000710
0.000610
0.000610
0.000510
0.000510
0.000510
0.000410
0.000310
0.000310
0.000210
0.000210
0.000110
0.000110
0.000010
0.000010
-0.000090
-0.000090
-0.000190
-0.000190
-0.000290
-0.000290
-0.000390
-0.000390
-0.000390
-0.000490
-0.000590
-0.000590
0.003276
0.003276
0.003076
0.003076
0.003076
0.003076
0.003076
0.002976
0.002876
0.002876
0.002776
0.002876
0.002776
0.002676
0.002676
0.002476
0.002476
0.002476
0.002376
0.002376
0.002376
0.002276
0.002176
0.002176
0.002076
0.002076
0.002076
0.001976
0.001976
0.001976
0.001876
0.001776
0.001676
0.001676
0.001676
0.001476
0.001476
0.001476
0.001476
0.001376
0.001376
0.001276
0.001176
0.001176
0.001176
0.001176
0.001076
0.000976
0.000876
0.000876
0.000876
0.000776
0.000676
0.000676
0.000576
0.000576
0.000476
0.000476
0.000476
0.000376
0.000276
0.000376
0.000176
0.000176
0.003441
0.003441
0.003241
0.003241
0.003241
0.003241
0.003241
0.003141
0.003041
0.003041
0.003041
0.002941
0.002941
0.002841
0.002841
0.002841
0.002641
0.002641
0.002541
0.002441
0.002541
0.002441
0.002441
0.002341
0.002241
0.002241
0.002241
0.002141
0.002041
0.002141
0.002041
0.002041
0.001841
0.001841
0.001641
0.001641
0.001641
0.001641
0.001641
0.001441
0.001441
0.001441
0.001341
0.001341
0.001341
0.001241
0.001241
0.001041
0.001141
0.001041
0.001041
0.000941
0.000841
0.000841
0.000841
0.000641
0.000641
0.000641
0.000641
0.000541
0.000541
0.000441
0.000441
0.000341
0.003396
0.003396
0.003396
0.003196
0.003196
0.003196
0.003096
0.003096
0.002996
0.002996
0.002896
0.002896
0.002796
0.002796
0.002796
0.002696
0.002596
0.002596
0.002496
0.002496
0.002396
0.002396
0.002296
0.002296
0.002296
0.002196
0.002196
0.002096
0.002096
0.001996
0.001996
0.001896
0.001796
0.001796
0.001596
0.001596
0.001596
0.001596
0.001496
0.001496
0.001496
0.001396
0.001396
0.001396
0.001196
0.001196
0.001196
0.001096
0.000996
0.000996
0.000896
0.000996
0.000796
0.000796
0.000796
0.000696
0.000596
0.000596
0.000596
0.000496
0.000396
0.000396
0.000396
0.003775
0.003775
0.003775
0.003775
0.003575
0.003575
0.003575
0.003575
0.003475
0.003475
0.003275
0.003375
0.003275
0.003175
0.003275
0.003175
0.003175
0.003075
0.002975
0.002975
0.002875
0.002875
0.002775
0.002775
0.002675
0.002675
0.002575
0.002575
0.002475
0.002475
0.002475
0.002375
0.002275
0.002275
0.002175
0.001975
0.001975
0.001975
0.001975
0.001975
0.001875
0.001775
0.001775
0.001675
0.001675
0.001675
0.001575
0.001575
0.001475
0.001375
0.001475
0.001375
0.001275
0.001175
0.001175
0.001175
0.000975
0.000975
0.000975
0.000975
0.000875
0.000875
0.003537
0.003437
0.003437
0.003337
0.003337
0.003337
0.003137
0.003137
0.003137
0.003137
0.003037
0.003037
0.002937
0.002837
0.002837
0.002837
0.002737
0.002737
0.002537
0.002537
0.002537
0.002537
0.002337
0.002437
0.002337
0.002337
0.002137
0.002137
0.002137
0.002137
0.002037
0.002037
0.001937
0.001837
0.001837
0.001737
0.001737
0.001537
0.001537
0.001537
0.001537
0.001437
0.001437
0.001437
0.001337
0.001337
0.001237
0.001237
0.001137
0.001137
0.001037
0.000937
0.000937
0.000837
0.000837
0.000737
0.000737
0.000637
0.000737
0.000537
0.000537
0.000537
0.003082
0.003082
0.002982
0.002982
0.002882
0.002782
0.002782
0.002582
0.002582
0.002582
0.002582
0.002582
0.002482
0.002382
0.002382
0.002382
0.002282
0.002282
0.002182
0.002182
0.002182
0.001982
0.001982
0.001982
0.001882
0.001882
0.001782
0.001782
0.001682
0.001582
0.001582
0.001582
0.001482
0.001482
0.001482
0.001382
0.001282
0.001182
0.001182
0.001182
0.000982
0.000982
0.000982
0.000982
0.000882
0.000782
0.000782
0.000782
0.000682
0.000682
0.000582
0.000582
0.000382
0.000382
0.000382
0.000382
0.000282
0.000282
0.000182
0.000182
0.000082
0.003450
0.003450
0.003450
0.003350
0.003250
0.003250
0.003150
0.003150
0.003050
0.003050
0.002850
0.002850
0.002850
0.002850
0.002850
0.002750
0.002650
0.002650
0.002650
0.002550
0.002550
0.002450
0.002450
0.002250
0.002350
0.002250
0.002150
0.002250
0.002150
0.002050
0.002050
0.001950
0.001850
0.001850
0.001850
0.001750
0.001750
0.001650
0.001650
0.001550
0.001450
0.001450
0.001250
0.001250
0.001250
0.001250
0.001250
0.001150
0.001050
0.001050
0.001050
0.000950
0.000950
0.000850
0.000850
0.000750
0.000650
0.000650
0.000550
0.000550
0.003499
0.003499
0.003499
0.003399
0.003299
0.003299
0.003299
0.003199
0.003199
0.003199
0.002999
0.002899
0.002899
0.002899
0.002699
0.002699
0.002699
0.002699
0.002599
0.002599
0.002499
0.002499
0.002399
0.002499
0.002399
0.002299
0.002299
0.002299
0.002199
0.002099
0.002099
0.001999
0.001999
0.001899
0.001799
0.001799
0.001699
0.001699
0.001699
0.001599
0.001599
0.001599
0.001499
0.001399
0.001299
0.001299
0.001099
0.001099
0.001099
0.001099
0.000999
0.000999
0.000899
0.000899
0.000899
0.000799
0.000799
0.000699
0.000699
0.000599
0.000599
0.000499
0.000499
0.000399
0.002991
0.002991
0.002991
0.002891
0.002791
0.002791
0.002791
0.002691
0.002691
0.002591
0.002491
0.002491
0.002391
0.002391
0.002391
0.002191
0.002191
0.002091
0.002091
0.002191
0.001995
0.001995
0.001995
0.001995
0.001895
0.001795
0.001795
0.001695
0.001595
0.001595
0.001495
0.001595
0.001495
0.001395
0.001395
0.001295
0.001195
0.001195
0.001095
0.001195
0.001095
0.000995
0.000995
0.000895
0.000995
0.000795
0.000795
0.000595
0.000595
0.000595
0.000595
0.000495
0.000495
0.000395
0.000395
0.000295
0.000195
0.000195
0.000195
0.000095
0.002742
0.002742
0.002742
0.002742
0.002542
0.002542
0.002542
0.002442
0.002342
0.002342
0.002342
0.002242
0.002242
0.002142
0.002142
0.002042
0.002042
0.001942
0.001942
0.001742
0.001742
0.001742
0.001742
0.001642
0.001542
0.001542
0.001442
0.001442
0.001442
0.001342
0.001442
0.001242
0.001142
0.001242
0.001142
0.001042
0.000942
0.000942
0.000942
0.000842
0.000842
0.000742
0.000742
0.000642
0.000642
0.000542
0.000542
0.000442
0.000442
0.000342
0.000142
0.000142
0.000142
0.000142
0.000142
-0.000058
0.000042
-0.000058
-0.000058
-0.000058
-0.000158
-0.000258
-0.000258
-0.000358
0.003154
0.003154
0.003154
0.003054
0.002954
0.002954
0.002954
0.002854
0.002754
0.002754
0.002754
0.002654
0.002654
0.002554
0.002554
0.002454
0.002454
0.002354
0.002354
0.002154
0.002154
0.002154
0.002154
0.002054
0.002054
0.001954
0.001854
0.001854
0.001854
0.001754
0.001754
0.001654
0.001554
0.001554
0.001454
0.001554
0.001454
0.001354
0.001254
0.001254
0.001154
0.001154
0.001154
0.001154
0.000954
0.000954
0.000954
0.000854
0.000854
0.000754
0.000754
0.000554
0.000554
0.000554
0.000454
0.000454
0.000354
0.000354
0.000354
0.000254
0.000254
0.000154
0.000154
0.000054
0.003602
0.003602
0.003602
0.003502
0.003502
0.003402
0.003402
0.003302
0.003202
0.003202
0.003202
0.003202
0.003102
0.003002
0.003102
0.002902
0.002802
0.002802
0.002802
0.002602
0.002602
0.002602
0.002602
0.002502
0.002502
0.002402
0.002402
0.002302
0.002302
0.002202
0.002102
0.002202
0.002002
0.002002
0.002002
0.002002
0.001802
0.001902
0.001802
0.001602
0.001702
0.001602
0.001602
0.001602
0.001502
0.001502
0.001402
0.001302
0.001202
0.001202
0.001202
0.001002
0.001002
0.001002
0.001002
0.001002
0.000902
0.000802
0.000702
0.000802
0.000702
0.000702
0.000602
0.000602
0.000402
0.000402
0.000402
0.000402
0.003044
0.002944
0.002944
0.002944
0.002844
0.002744
0.002644
0.002644
0.002544
0.002544
0.002544
0.002444
0.002344
0.002344
0.002344
0.002144
0.002144
0.002144
0.002144
0.002044
0.002044
0.001944
0.001944
0.001844
0.001844
0.001844
0.001644
0.001644
0.001544
0.001644
0.001544
0.001444
0.001344
0.001344
0.001344
0.001244
0.001144
0.001144
0.001144
0.001044
0.001044
0.000944
0.000944
0.000844
0.000844
0.000744
0.000744
0.000544
0.000544
0.000544
0.000544
0.000544
0.000344
0.000444
0.000344
0.000244
0.000244
0.000144
0.000144
0.000044
-0.000056
-0.000056
-0.000056
-0.000156
-0.000156
-0.000256
-0.000256
-0.000356
-0.000456
-0.000456
-0.000456
0.002807
0.002807
0.002807
0.002707
0.002607
0.002607
0.002507
0.002307
0.002307
0.002307
0.002307
0.002307
0.002207
0.002107
0.002107
0.002107
0.002107
0.002007
0.001907
0.001907
0.001807
0.001707
0.001707
0.001707
0.001607
0.001707
0.001507
0.001507
0.001407
0.001507
0.001307
0.001307
0.001207
0.001207
0.001107
0.001107
0.001107
0.001007
0.000907
0.000907
0.001007
0.000707
0.000707
0.000707
0.000607
0.000607
0.000507
0.000507
0.000507
0.000407
0.000307
0.000307
0.000307
0.000107
0.000107
0.000007
0.000107
0.000007
-0.000093
-0.000093
-0.000093
-0.000193
-0.000293
-0.000293
-0.000393
-0.000393
-0.000393
-0.000493
-0.000493
-0.000593
-0.000693
-0.000693
0.002567
0.002567
0.002567
0.002567
0.002467
0.002367
0.002467
0.002367
0.002367
0.002267
0.002267
0.002167
0.002067
0.002067
0.001967
0.001967
0.001867
0.001867
0.001767
0.001767
0.001667
0.001667
0.001567
0.001567
0.001467
0.001467
0.001367
0.001267
0.001367
0.001267
0.001267
0.001167
0.000967
0.000967
0.000967
0.000967
0.000867
0.000867
0.000767
0.000767
0.000767
0.000667
0.000567
0.000567
0.000467
0.000467
0.000367
0.000367
0.000367
0.000267
0.000167
0.000167
0.000167
0.000067
-0.000033
-0.000033
-0.000133
-0.000133
-0.000133
-0.000333
-0.000233
-0.000433
-0.000433
-0.000433
-0.000433
-0.000633
-0.000633
-0.000633
-0.000733
-0.000833
-0.000833
-0.000833
-0.000933
-0.000933
-0.001033
-0.001033
-0.001033
-0.001133
-0.001233
-0.001233
-0.001233
0.002053
0.001953
0.001953
0.001853
0.001753
0.001753
0.001753
0.001753
0.001653
0.001653
0.001553
0.001553
0.001353
0.001353
0.001353
0.001153
0.001153
0.001153
0.001153
0.001153
0.001053
0.000953
0.000953
0.000853
0.000853
0.000853
0.000753
0.000653
0.000553
0.000553
0.000453
0.000453
0.000453
0.000353
0.000353
0.000253
0.000253
0.000253
0.000153
0.000153
0.000053
0.000053
-0.000047
-0.000147
-0.000147
-0.000247
-0.000247
-0.000447
-0.000447
-0.000447
-0.000447
-0.000447
-0.000647
-0.000647
-0.000647
-0.000647
-0.000747
-0.000847
-0.000847
-0.000947
-0.001047
-0.001047
-0.001047
-0.001147
-0.001147
-0.001247
-0.001247
-0.001247
-0.001447
-0.001447
-0.001447
-0.001547
-0.001547
-0.001547
-0.001647
-0.001747
-0.001847
-0.001847
-0.002047
-0.002047
-0.002047
-0.002047
-0.002147
-0.002147
0.001086
0.001086
0.001086
0.000986
0.000986
0.000886
0.000886
0.000886
0.000786
0.000686
0.000686
0.000586
0.000586
0.000486
0.000486
0.000386
0.000286
0.000286
0.000286
0.000186
0.000086
0.000186
0.000086
0.000086
-0.000114
-0.000114
-0.000114
-0.000314
-0.000314
-0.000314
-0.000314
-0.000414
-0.000414
-0.000514
-0.000514
-0.000614
-0.000614
-0.000714
-0.000714
-0.000814
-0.000814
-0.000914
-0.000914
-0.001014
-0.001014
-0.001114
-0.001114
-0.001114
-0.001214
-0.001314
-0.001314
-0.001414
-0.001314
-0.001414
-0.001414
-0.001614
-0.001714
-0.001714
-0.001714
-0.001714
-0.001914
-0.001914
-0.001914
-0.002014
-0.002114
-0.002114
-0.002114
-0.002214
-0.002214
-0.002314
-0.002314
-0.002414
-0.002514
-0.002514
-0.002514
-0.002614
-0.002614
-0.002714
-0.002714
-0.002714
-0.002814
-0.002914
-0.002914
-0.002914
-0.003014
-0.003014
-0.003114
-0.003114
-0.003214
-0.003314
-0.003314
0.000920
0.000920
0.000920
0.000920
0.000720
0.000720
0.000720
0.000620
0.000620
0.000620
0.000620
0.000520
0.000420
0.000420
0.000320
0.000320
0.000220
0.000220
0.000220
0.000120
0.000120
0.000020
-0.000080
-0.000080
-0.000180
-0.000180
-0.000180
-0.000280
-0.000280
-0.000480
-0.000480
-0.000480
-0.000680
-0.000680
-0.000680
-0.000680
-0.000780
-0.000880
-0.000880
-0.000880
-0.000980
-0.000980
-0.000980
-0.001080
-0.001180
-0.001180
-0.001280
-0.001280
-0.001380
-0.001380
-0.001480
-0.001480
-0.001480
-0.001680
-0.001680
-0.001680
-0.001780
-0.001780
-0.001880
-0.001980
-0.001980
-0.001980
-0.002080
-0.002280
-0.002280
-0.002280
-0.002280
-0.002280
-0.002280
-0.002480
-0.002480
-0.002480
-0.002580
-0.002580
-0.002680
-0.002680
-0.002780
-0.002880
-0.002880
-0.002880
-0.002980
-0.002980
-0.002980
-0.003080
-0.003080
-0.003180
-0.003280
-0.003280
-0.003280
-0.003380
-0.003480
-0.003480
-0.003580
-0.000074
-0.000074
-0.000074
-0.000274
-0.000274
-0.000274
-0.000374
-0.000274
-0.000374
-0.000474
-0.000474
-0.000574
-0.000574
-0.000674
-0.000674
-0.000774
-0.000774
-0.000874
-0.000874
-0.000974
-0.001074
-0.000974
-0.001074
-0.001174
-0.001174
-0.001274
-0.001274
-0.001274
-0.001374
-0.001474
-0.001574
-0.001574
-0.001574
-0.001674
-0.001674
-0.001874
-0.001874
-0.001874
-0.001874
-0.001874
-0.001974
-0.002074
-0.002074
-0.002174
-0.002174
-0.002174
-0.002274
-0.002374
-0.002474
-0.002474
-0.002574
-0.002574
-0.002674
-0.002674
-0.002674
-0.002774
-0.002874
-0.002874
-0.002874
-0.002974
-0.002974
-0.002974
-0.003074
-0.003174
-0.003174
-0.003274
-0.003474
-0.003474
-0.003474
-0.003474
-0.003474
-0.003574
-0.003674
-0.003674
-0.003774
-0.003774
-0.003774
-0.003874
-0.003874
-0.003974
-0.004074
-0.004074
-0.004074
-0.004174
-0.004274
-0.004274
-0.004274
-0.004274
-0.004474
-0.004474
-0.004474
-0.004474
-0.004574
-0.000487
-0.000487
-0.000587
-0.000687
-0.000687
-0.000887
-0.000887
-0.000887
-0.000887
-0.000887
-0.000887
-0.001087
-0.001087
-0.001087
-0.001187
-0.001187
-0.001187
-0.001287
-0.001387
-0.001387
-0.001487
-0.001587
-0.001487
-0.001587
-0.001687
-0.001687
-0.001687
-0.001887
-0.001887
-0.001887
-0.001987
-0.001987
-0.002087
-0.002187
-0.002287
-0.002187
-0.002287
-0.002287
-0.002487
-0.002487
-0.002487
-0.002487
-0.002487
-0.002687
-0.002687
-0.002687
-0.002787
-0.002787
-0.002887
-0.002887
-0.002887
-0.002987
-0.003087
-0.003087
-0.003187
-0.003287
-0.003287
-0.003287
-0.003287
-0.003487
-0.003387
-0.003487
-0.003587
-0.003587
-0.003687
-0.003687
-0.003787
-0.003887
-0.003887
-0.003887
-0.004087
-0.004087
-0.004087
-0.004087
-0.004287
-0.004187
-0.004287
-0.004287
-0.004287
-0.004387
-0.004387
-0.004487
-0.004487
-0.004587
-0.004687
-0.004687
-0.004687
-0.004787
-0.004787
-0.004887
-0.004987
-0.004987
-0.005087
-0.001374
-0.005087
-0.001374
-0.001474
-0.001474
-0.001574
-0.001674
-0.001674
-0.001874
-0.001774
-0.001874
-0.001874
-0.001874
-0.001974
-0.001974
-0.001974
-0.002074
-0.002174
-0.002174
-0.002274
-0.002274
-0.002274
-0.002374
-0.002474
-0.002474
-0.002574
-0.002574
-0.002674
-0.002674
-0.002774
-0.002874
-0.002874
-0.002874
-0.002974
-0.002974
-0.002974
-0.003074
-0.003174
-0.003274
-0.003274
-0.003274
-0.003474
-0.003474
-0.003474
-0.003474
-0.003474
-0.003574
-0.003674
-0.003674
-0.003774
-0.003774
-0.003774
-0.003874
-0.003874
-0.004074
-0.004074
-0.004074
-0.004174
-0.004174
-0.004274
-0.004274
-0.004274
-0.004374
-0.004474
-0.004474
-0.004474
-0.004574
-0.004574
-0.004674
-0.004674
-0.004774
-0.004874
-0.004874
-0.004874
-0.005074
-0.005074
-0.005074
-0.005174
-0.005174
-0.005274
-0.005274
-0.005374
-0.005374
-0.005374
-0.005474
-0.005474
-0.005574
