-0.000764
-0.000864
-0.000964
-0.000864
-0.000964
-0.000964
-0.001064
-0.001064
-0.001164
-0.001264
-0.001264
-0.001364
-0.001364
-0.001364
-0.000570
-0.000570
-0.000670
-0.000670
-0.000770
-0.000984
-0.000984
-0.000984
-0.000984
-0.001084
-0.001184
-0.001227
-0.001227
-0.001227
-0.001234
-0.001234
-0.001234
-0.000915
-0.001234
-0.000732
-0.000732
-0.000732
-0.000832
-0.000832
-0.000861
-0.000861
-0.000961
-0.001061
-0.001061
-0.001061
-0.001061
-0.001161
-0.001261
-0.001261
-0.001361
-0.001461
-0.001461
-0.001461
-0.001461
-0.001561
0.002896
0.002996
0.002896
0.002896
0.002926
0.002926
0.003840
0.003840
0.003840
0.003840
0.003820
0.003820
0.003720
0.003720
0.003620
0.003620
0.003520
0.003520
0.003420
0.003320
0.003320
0.003320
0.003300
0.003300
0.002331
0.002331
0.002231
0.002131
0.002131
0.002131
0.000867
0.000867
0.000767
0.000767
0.001190
0.001190
0.001190
0.001190
0.001175
0.001175
0.001175
0.001175
0.001075
0.001037
0.001037
0.001037
0.000937
0.000937
0.000937
0.000837
0.000993
0.000993
0.000893
0.000793
0.000793
0.000693
0.000793
0.000693
0.000389
0.000289
0.000289
0.000289
0.000189
0.000189
0.000189
-0.000442
-0.000542
-0.000642
-0.000642
-0.000642
-0.000669
-0.000669
-0.000669
-0.000669
-0.000669
-0.000769
-0.000869
-0.000869
-0.000492
-0.000592
-0.000492
-0.000592
-0.000692
-0.000692
-0.000792
-0.000792
-0.000813
-0.000813
-0.000913
-0.000913
-0.001013
-0.001113
-0.001113
-0.001113
-0.001113
-0.001213
-0.001313
0.000094
0.000094
0.000094
-0.000006
-0.000006
-0.000206
-0.000206
-0.000206
-0.000206
-0.000206
-0.000306
-0.000406
-0.000506
-0.000506
-0.000506
-0.000606
-0.000606
-0.000706
-0.000706
-0.000873
-0.000873
0.000096
-0.000004
-0.000004
-0.000004
-0.000104
-0.000204
-0.000204
-0.000304
-0.000304
-0.000304
-0.000342
-0.000342
-0.000342
-0.000442
-0.000542
-0.000742
-0.000742
-0.000742
-0.000742
-0.000742
-0.000636
-0.000736
-0.000736
-0.000736
-0.000809
-0.000809
-0.000830
-0.000830
-0.000930
-0.001030
-0.001030
-0.001030
-0.000993
-0.001093
-0.001093
-0.001093
0.001195
-0.000427
-0.000427
-0.000427
-0.000527
-0.000527
-0.000586
-0.000586
-0.000586
-0.000686
-0.000786
-0.000975
-0.000975
-0.000975
-0.000975
-0.000975
-0.001075
-0.001075
-0.001037
-0.001037
0.000445
0.000445
0.000445
0.000345
0.000245
0.000145
0.000145
0.000145
0.000045
0.000045
0.000045
-0.000021
-0.000078
-0.000110
-0.000110
-0.000110
-0.000210
-0.000210
-0.000210
-0.000310
-0.000310
-0.000410
-0.000510
-0.000510
-0.000710
-0.000710
-0.000710
-0.000710
-0.000287
-0.000387
-0.000387
-0.000387
-0.000487
-0.000487
-0.000487
-0.000587
-0.000787
-0.000787
-0.000787
-0.000787
-0.000887
-0.000887
-0.000987
-0.000987
-0.000830
-0.000830
-0.000930
-0.000930
-0.000930
-0.001030
-0.001030
-0.001230
-0.001230
-0.001330
-0.001528
-0.001330
-0.001528
-0.001528
-0.001528
-0.001528
0.000428
0.000428
0.000328
0.000328
0.000228
0.000228
0.000128
0.000128
0.000028
-0.000072
-0.000072
-0.000172
-0.000072
0.001225
0.001225
0.001225
0.001025
0.001025
0.001025
0.001025
0.000925
0.000825
0.000925
0.000825
0.000625
0.000625
0.000625
0.000425
0.000425
0.000425
0.000425
0.000325
0.000225
0.000225
0.000225
0.000225
0.000125
0.000125
0.001148
0.001148
0.000948
0.000948
0.000948
0.000948
0.000848
0.000848
0.000848
0.000648
0.000648
0.000548
0.000548
0.000548
0.000448
0.000448
0.000348
0.000448
0.000248
0.000248
0.000148
0.000148
-0.000052
-0.000052
-0.000052
-0.000052
-0.000130
-0.000130
-0.000130
-0.000230
-0.000230
-0.000230
-0.000230
-0.000330
-0.000430
-0.000530
-0.000530
-0.000530
0.000874
0.000874
0.000774
0.000774
0.000821
0.000721
0.000721
0.000721
0.000621
0.000621
0.000521
0.000521
0.000421
0.000321
0.000321
0.000531
0.000531
0.000531
0.000531
0.000531
0.000445
0.000345
0.000345
0.000345
0.000345
0.000284
0.000184
0.000184
0.000184
0.000084
0.000036
0.000036
0.000126
0.000126
0.000026
0.000026
0.000026
-0.000074
-0.000174
-0.000174
-0.000274
-0.000274
-0.000374
-0.000374
0.000158
0.000258
0.000158
0.000158
-0.000042
-0.000042
-0.000042
-0.000142
-0.000142
0.000710
0.000710
0.000589
0.000589
0.000589
0.000489
0.000489
0.000289
0.000289
0.000289
0.000289
0.000289
0.000792
0.000792
0.000692
0.000592
0.000592
0.000592
0.000592
0.000492
0.000492
0.000401
0.000401
0.000401
0.000588
0.000588
0.000588
0.000388
0.000388
0.000388
0.000388
0.000388
0.000188
0.000188
0.000088
0.000088
0.000088
-0.000012
-0.000112
-0.000112
0.000365
0.000365
0.000365
0.000265
0.000165
0.000165
0.000065
0.000065
-0.000035
-0.000135
-0.000035
-0.000135
-0.000135
-0.000335
-0.000335
-0.000335
-0.000435
-0.000435
-0.000077
-0.000077
-0.000077
-0.000077
-0.000077
-0.000277
-0.000277
-0.000277
-0.000275
-0.000275
-0.000275
-0.000375
-0.000475
-0.000475
-0.000575
-0.000575
0.001813
0.001813
0.001813
0.001713
0.001713
0.001613
0.001613
0.001513
0.001413
0.001513
0.001413
0.001413
0.001213
0.001113
0.001213
0.001113
0.001087
0.001087
0.001087
0.001087
0.001087
0.000987
0.000987
0.000887
0.000887
0.000787
0.000787
0.000787
0.000687
0.000687
0.000487
0.000487
0.000387
0.000387
0.000387
0.000634
0.000515
0.000415
0.000415
0.000415
0.000415
0.000769
0.000669
0.000669
0.000669
0.000669
0.000569
0.000469
0.000343
0.000343
0.000343
0.000343
0.000304
0.000304
0.000204
0.000204
0.000104
0.000104
0.000104
-0.000096
0.000004
-0.000096
-0.000114
-0.000114
-0.000214
-0.000214
-0.000214
-0.000314
-0.000314
-0.000414
-0.000514
-0.000514
-0.000514
-0.000614
-0.000614
-0.000016
-0.000016
-0.000116
-0.000116
-0.000216
-0.000356
-0.000356
-0.000356
-0.000356
-0.000356
-0.000456
-0.000456
-0.000556
-0.000556
-0.000656
-0.000656
-0.000551
-0.000651
-0.000751
-0.000751
-0.000751
-0.000851
-0.000851
-0.000951
-0.000951
-0.000149
-0.000951
-0.000249
-0.000249
-0.000249
-0.000258
-0.000258
-0.000258
-0.000155
-0.000255
-0.000255
-0.000355
-0.000355
-0.000555
-0.000555
-0.000555
-0.000555
0.000189
0.000289
0.000189
0.000189
0.000089
0.000089
0.000089
0.000036
-0.000064
-0.000164
-0.000164
-0.000164
0.000064
0.000064
-0.000036
-0.000036
-0.000136
-0.000236
-0.000236
-0.000236
-0.000336
-0.000336
-0.000336
-0.000436
-0.000436
-0.000636
-0.000636
-0.000626
-0.000626
-0.000626
-0.000626
-0.000621
-0.000626
-0.000621
-0.000721
-0.000721
-0.000723
-0.000823
-0.000823
-0.000823
-0.000842
-0.000942
-0.000942
-0.001042
-0.001042
-0.001142
-0.001042
-0.000571
-0.000571
-0.000671
-0.000671
-0.000671
-0.000671
-0.000771
-0.000871
-0.000871
-0.000810
-0.000810
-0.001010
-0.001010
-0.001010
-0.001010
-0.001010
-0.001010
-0.001089
-0.001189
-0.001189
-0.001189
-0.001171
-0.001171
-0.001171
-0.001271
-0.001371
-0.001371
