-0.005335
-0.005335
-0.005335
-0.005301
-0.005301
-0.005301
-0.005233
-0.005233
-0.005166
-0.005166
-0.005166
-0.005166
-0.005132
-0.005132
-0.005098
-0.005098
-0.005098
-0.005064
-0.005064
-0.005030
-0.005030
-0.004996
-0.004996
-0.004962
-0.004962
-0.004929
-0.004929
-0.004895
-0.004895
-0.004861
-0.004827
-0.004827
-0.004827
-0.004793
-0.004793
-0.004760
-0.004760
-0.004725
-0.004725
-0.004692
-0.004624
-0.004658
-0.004624
-0.004624
-0.004624
-0.004590
-0.004556
-0.004556
-0.004556
-0.004556
-0.004523
-0.004523
-0.004489
-0.004455
-0.004455
-0.004421
-0.004421
-0.004387
-0.004387
-0.004354
-0.004354
-0.004319
-0.004286
-0.004286
-0.004286
-0.004286
-0.004252
-0.004218
-0.004218
-0.004218
-0.004184
-0.004150
-0.004150
-0.004083
-0.004083
-0.004083
-0.004083
-0.004049
-0.004049
-0.004015
-0.004015
-0.004015
-0.003981
-0.003981
-0.003947
-0.003947
-0.003880
-0.003880
-0.003880
-0.003846
-0.003846
-0.003812
-0.003812
-0.003744
-0.003744
-0.003744
-0.003744
-0.003711
-0.003711
-0.003676
-0.003676
-0.003643
-0.003609
-0.003609
-0.003541
-0.003541
-0.003541
-0.003541
-0.003507
-0.003507
-0.003507
-0.003474
-0.003474
-0.003440
-0.003440
-0.003440
-0.003406
-0.003406
-0.003338
-0.003338
-0.003338
-0.003270
-0.003304
-0.003270
-0.003270
-0.003270
-0.003203
-0.003203
-0.003203
-0.003169
-0.003169
-0.003135
-0.003135
-0.003068
-0.003068
-0.003068
-0.003000
-0.003000
-0.003000
-0.003000
-0.003000
-0.003000
-0.002932
-0.002932
-0.002932
-0.002898
-0.002898
-0.002898
-0.002865
-0.002831
-0.002797
-0.002797
-0.002797
-0.002763
-0.002763
-0.002729
-0.002729
-0.002729
-0.002695
-0.002695
-0.002662
-0.002628
-0.002628
-0.002594
-0.002594
-0.002560
-0.002527
-0.002527
-0.002458
-0.002493
-0.002458
-0.002458
-0.002425
-0.002425
-0.002425
-0.002391
-0.002391
-0.002357
-0.002357
-0.002323
-0.002323
-0.002323
-0.002289
-0.002289
-0.002256
-0.002222
-0.002222
-0.002222
-0.002154
-0.002154
-0.002121
-0.002121
-0.002121
-0.002086
-0.002086
-0.002052
-0.002052
-0.002019
-0.002019
-0.001985
-0.001985
-0.001985
-0.001917
-0.001917
-0.001917
-0.001883
-0.001850
-0.001850
-0.001815
-0.001815
-0.001815
-0.001782
-0.001782
-0.001714
-0.001714
-0.001714
-0.001714
-0.001680
-0.001680
-0.001646
-0.001646
-0.001613
-0.001613
-0.001579
-0.001579
-0.001545
-0.001545
-0.001545
-0.001511
-0.001477
-0.001443
-0.001376
-0.001443
-0.001376
-0.001376
-0.001376
-0.001308
-0.001342
-0.001308
-0.001308
-0.001308
-0.001308
-0.001274
-0.001240
-0.001206
-0.001240
-0.001206
-0.001173
-0.001139
-0.001139
-0.001173
-0.001105
-0.001105
-0.001038
-0.001038
-0.001038
-0.001038
-0.001004
-0.001004
-0.001004
-0.000969
-0.000936
-0.000936
-0.000902
-0.000902
-0.000834
-0.000834
-0.000834
-0.000834
-0.000834
-0.000801
-0.000766
-0.000766
-0.000733
-0.000733
-0.000699
-0.000665
-0.000665
-0.000631
-0.000631
-0.000631
-0.000631
-0.000597
-0.000597
-0.000563
-0.000563
-0.000529
-0.000496
-0.000496
-0.000462
-0.000462
-0.000428
-0.000428
-0.000394
-0.000394
-0.000361
-0.000293
-0.000361
-0.000293
-0.000293
-0.000293
-0.000259
-0.000225
-0.000225
-0.000225
-0.000192
-0.000192
-0.000157
-0.000124
-0.000124
-0.000090
-0.000090
-0.000090
-0.000056
-0.000022
-0.000022
-0.000022
0.000012
0.000045
0.000045
0.000045
0.000079
0.000079
0.000079
0.000147
0.000147
0.000181
0.000147
0.000181
0.000249
0.000249
0.000249
0.000249
0.000283
0.000283
0.000283
0.000317
0.000350
0.000350
0.000384
0.000384
0.000418
0.000418
0.000452
0.000485
0.000452
0.000519
0.000519
0.000519
0.000553
0.000553
0.000587
0.000587
0.000587
0.000621
0.000655
0.000655
0.000688
0.000655
0.000722
0.000722
0.000790
0.000790
0.000790
0.000790
0.000790
0.000824
0.000857
0.000857
0.000892
0.000857
0.000925
0.000925
0.000925
0.000993
0.000993
0.000993
0.001061
0.001061
0.001061
0.001061
0.001094
0.001094
0.001128
0.001128
0.001162
0.001162
0.001162
0.001196
0.001230
0.001264
0.001264
0.001264
0.001331
0.001331
0.001331
0.001331
0.001365
0.001365
0.001399
0.001399
0.001433
0.001433
0.001467
0.001467
0.001467
0.001501
0.001534
0.001568
0.001568
0.001568
0.001602
0.001602
0.001602
0.001670
0.001670
0.001670
0.001704
0.001704
0.001737
0.001737
0.001771
0.001805
0.001805
0.001873
0.001873
0.001873
0.001873
0.001873
0.001907
0.001907
0.001940
0.001940
0.001974
0.001974
0.001974
0.002008
0.002008
0.002076
0.002076
0.002076
0.002110
0.002110
0.002144
0.002144
0.002178
0.002212
0.002212
0.002245
0.002245
0.002245
0.002245
0.002279
0.002313
0.002313
0.002347
0.002414
0.002414
0.002414
0.002414
0.002414
0.002448
0.002448
0.002482
0.002482
0.002482
0.002516
0.002516
0.002583
0.002583
0.002617
0.002617
0.002617
0.002651
0.002651
0.002685
0.002685
0.002685
0.002719
0.002753
0.002753
0.002787
0.002787
0.002820
0.002820
0.002854
0.002888
0.002888
0.002888
0.002949
0.002949
0.002949
0.002949
0.002961
0.002973
0.002973
0.002973
0.002984
0.002984
0.002996
0.002996
0.003008
0.003008
0.003020
0.003020
0.003031
0.003043
0.003043
0.003043
0.003043
0.003054
0.003066
0.003066
0.003079
0.003079
0.003079
0.003090
0.003101
0.003113
0.003137
0.003113
0.003137
0.003137
0.003137
0.003148
0.003148
0.003159
0.003159
0.003159
0.003172
0.003172
0.003183
0.003183
0.003183
0.003195
0.003206
0.003206
0.003206
0.003218
0.003230
0.003230
0.003230
0.003242
0.003242
0.003253
0.003265
0.003265
0.003276
0.003276
0.003288
0.003288
0.003300
0.003300
0.003323
0.003323
0.003323
0.003335
0.003323
0.003347
0.003347
0.003347
0.003359
0.003359
0.003359
0.003370
0.003370
0.003394
0.003394
0.003394
0.003394
0.003405
0.003405
0.003416
0.003416
0.003429
0.003429
0.003440
0.003452
0.003452
0.003464
0.003464
0.003502
0.003502
0.003546
0.003634
0.003634
0.003634
0.003634
0.003634
0.003677
0.003677
0.003721
0.003721
0.003721
0.003765
0.003765
0.003765
0.003853
0.003897
0.003897
0.003897
0.003941
0.003941
0.003984
0.003984
0.003984
0.004029
0.004073
0.004073
0.004116
0.004116
0.004116
0.004116
0.004204
0.004248
0.004248
0.004336
0.004336
0.004336
0.004336
0.004336
0.004380
0.004380
0.004424
0.004424
0.004424
0.004468
0.004512
0.004512
0.004556
0.004556
0.004600
0.004643
0.004600
0.004688
0.004643
0.004688
0.004688
0.004731
0.004775
0.004819
0.004819
0.004819
0.004819
0.004863
0.004907
0.004907
0.004907
0.004950
0.005038
0.005038
0.005038
0.005038
0.005038
0.005082
0.005126
0.005126
0.005126
0.005170
0.005170
0.005170
0.005258
0.005258
0.005302
0.005302
0.005346
0.005346
0.005389
0.005389
0.005393
0.005393
0.005393
0.005366
0.005339
0.005339
0.005339
0.005312
0.005285
0.005285
0.005258
0.005258
0.005258
0.005204
0.005204
0.005204
0.005178
0.005151
0.005151
0.005151
0.005124
0.005124
0.005124
0.005097
0.005070
0.005070
0.005044
0.005044
0.005044
0.005016
0.004990
0.004990
0.004963
0.004963
0.004963
0.004936
0.004936
0.004909
0.004909
0.004909
0.004882
0.004829
0.004829
0.004802
0.004775
0.004775
0.004775
0.004775
0.004748
0.004721
0.004721
0.004721
0.004695
0.004695
0.004695
0.004667
0.004667
0.004614
0.004614
0.004614
0.004587
0.004560
0.004587
0.004560
0.004533
0.004507
0.004507
0.004507
0.004479
0.004507
0.004479
0.004426
0.004399
0.004399
0.004399
0.004399
0.004345
0.004345
0.004345
0.004345
0.004345
0.004318
0.004291
0.004291
0.004291
0.004265
0.004265
0.004238
0.004238
0.004184
0.004184
0.004184
0.004184
0.004158
0.004130
0.004130
0.004104
0.004077
0.004077
0.004077
0.004050
0.004023
0.004023
0.004023
0.004023
0.003969
0.003969
0.003969
0.003916
0.003916
0.003916
0.003916
0.003889
0.003862
0.003862
0.003862
0.003835
0.003835
0.003809
0.003809
0.003782
0.003755
0.003755
0.003755
0.003728
0.003728
0.003701
0.003701
0.003701
0.003647
0.003647
0.003647
0.003620
0.003620
0.003593
0.003593
0.003593
0.003540
0.003540
0.003540
0.003486
0.003486
0.003486
0.003486
0.003459
0.003432
0.003406
0.003432
0.003406
0.003406
0.003379
0.003379
0.003352
0.003325
0.003325
0.003298
0.003298
0.003298
0.003271
0.003271
0.003244
0.003244
0.003218
0.003191
0.003191
0.003191
0.003191
0.003164
0.003137
0.003110
0.003110
0.003110
0.003057
0.003057
0.003057
0.003029
0.003057
0.003003
0.003003
0.003003
0.002976
0.002976
0.002949
0.002949
0.002922
0.002895
0.002895
0.002895
0.002895
0.002868
0.002842
0.002842
0.002815
0.002788
0.002788
0.002788
0.002788
0.002761
0.002707
0.002734
0.002707
0.002707
0.002680
0.002680
0.002627
0.002627
0.002627
0.002627
0.002600
0.002600
0.002573
0.002573
0.002546
0.002546
0.002520
0.002520
0.002493
0.002466
0.002466
0.002466
0.002439
0.002439
0.002412
0.002412
0.002385
0.002358
0.002358
0.002358
0.002331
0.002331
0.002304
0.002304
0.002251
0.002251
0.002251
0.002251
0.002197
0.002197
0.002197
0.002197
0.002171
0.002143
0.002143
0.002143
0.002117
0.002117
0.002117
0.002090
0.002063
0.002063
0.002036
0.002009
0.002009
0.001982
0.002009
0.001982
0.001956
0.001928
0.001928
0.001928
0.001902
0.001902
0.001902
0.001875
0.001848
0.001821
0.001821
0.001821
0.001768
0.001768
0.001768
0.001768
0.001768
0.001741
0.001714
0.001714
0.001687
0.001660
0.001687
0.001660
0.001633
0.001633
0.001606
0.001606
0.001579
0.001579
0.001553
0.001553
0.001526
0.001499
0.001499
0.001499
0.001499
0.001472
0.001445
0.001419
0.001419
0.001419
0.001392
0.001392
0.001338
0.001338
0.001338
0.001338
0.001338
0.001311
0.001284
0.001257
0.001257
0.001257
0.001230
0.001230
0.001204
0.001204
0.001176
0.001176
0.001150
0.001123
0.001123
0.001123
0.001096
0.001069
0.001069
0.001042
0.001042
0.001042
0.001016
0.001016
0.001016
0.000989
0.000962
0.000908
0.000908
0.000908
0.000908
0.000908
0.000881
0.000855
0.000855
0.000855
0.000827
0.000827
0.000801
0.000801
0.000774
0.000747
0.000747
0.000747
0.000720
0.000693
0.000693
0.000693
0.000667
0.000640
0.000640
0.000640
0.000613
0.000613
0.000586
0.000586
0.000586
0.000559
0.000532
0.000478
0.000478
0.000478
0.000478
0.000478
0.000452
0.000452
0.000425
0.000425
0.000398
0.000398
0.000398
0.000371
0.000344
0.000317
0.000317
0.000317
0.000291
0.000291
0.000291
0.000264
0.000237
0.000210
0.000210
0.000210
0.000183
0.000183
0.000183
0.000156
0.000156
0.000129
0.000103
0.000103
0.000049
0.000049
0.000049
0.000049
0.000022
-0.000005
-0.000005
-0.000005
-0.000032
-0.000032
-0.000032
-0.000059
-0.000112
-0.000112
-0.000112
-0.000112
-0.000139
-0.000139
-0.000166
-0.000166
-0.000193
-0.000193
-0.000219
-0.000219
-0.000219
-0.000246
-0.000246
-0.000300
-0.000300
-0.000327
-0.000380
-0.000327
-0.000380
-0.000380
-0.000380
-0.000380
-0.000408
-0.000408
-0.000434
-0.000434
-0.000461
-0.000461
-0.000488
-0.000488
-0.000515
-0.000542
-0.000542
-0.000569
-0.000542
-0.000596
-0.000596
-0.000596
-0.000649
-0.000649
-0.000649
-0.000649
-0.000676
-0.000703
-0.000676
-0.000703
-0.000756
-0.000756
-0.000756
-0.000810
-0.000810
-0.000810
-0.000810
-0.000837
-0.000864
-0.000864
-0.000864
-0.000864
-0.000891
-0.000891
-0.000918
-0.000918
-0.000971
-0.000971
-0.000971
-0.000971
-0.000998
-0.000998
-0.000998
-0.001052
-0.001052
-0.001079
-0.001079
-0.001079
-0.001106
-0.001106
-0.001132
-0.001106
-0.001160
-0.001160
-0.001186
-0.001186
-0.001240
-0.001240
-0.001240
-0.001240
-0.001294
-0.001294
-0.001294
-0.001320
-0.001320
-0.001320
-0.001320
-0.001347
-0.001374
-0.001401
-0.001401
-0.001401
-0.001428
-0.001428
-0.001455
-0.001455
-0.001481
-0.001509
-0.001509
-0.001509
-0.001535
-0.001535
-0.001562
-0.001562
-0.001589
-0.001616
-0.001616
-0.001669
-0.001669
-0.001669
-0.001669
-0.001669
-0.001696
-0.001723
-0.001723
-0.001723
-0.001723
-0.001750
-0.001777
-0.001777
-0.001777
-0.001804
-0.001830
-0.001830
-0.001857
-0.001857
-0.001884
-0.001884
-0.001884
-0.001911
-0.001938
-0.001938
-0.001965
-0.001965
-0.001992
-0.001992
-0.002046
-0.002019
-0.002046
-0.002046
-0.002099
-0.002099
-0.002099
-0.002126
-0.002126
-0.002153
-0.002153
-0.002180
-0.002180
-0.002180
-0.002207
-0.002207
-0.002261
-0.002261
-0.002261
-0.002261
-0.002261
-0.002314
-0.002314
-0.002341
-0.002368
-0.002368
-0.002368
-0.002368
-0.002395
-0.002395
-0.002422
-0.002422
-0.002422
-0.002475
-0.002475
-0.002475
-0.002529
-0.002529
-0.002529
-0.002529
-0.002529
-0.002582
-0.002582
-0.002610
-0.002610
-0.002610
-0.002636
-0.002663
-0.002663
-0.002690
-0.002690
-0.002690
-0.002717
-0.002744
-0.002744
-0.002770
-0.002770
-0.002798
-0.002824
-0.002798
-0.002824
-0.002824
-0.002878
-0.002878
-0.002878
-0.002905
-0.002905
-0.002959
-0.002959
-0.002959
-0.002959
-0.002959
-0.003012
-0.003012
-0.003012
-0.003039
-0.003039
-0.003039
-0.003066
-0.003093
-0.003093
-0.003120
-0.003120
-0.003146
-0.003146
-0.003146
-0.003173
-0.003173
-0.003200
-0.003200
-0.003227
-0.003254
-0.003227
-0.003254
-0.003254
-0.003308
-0.003335
-0.003308
-0.003335
-0.003388
-0.003388
-0.003388
-0.003388
-0.003388
-0.003415
-0.003415
-0.003442
-0.003442
-0.003469
-0.003469
-0.003469
-0.003495
-0.003495
-0.003549
-0.003549
-0.003576
-0.003576
-0.003576
-0.003603
-0.003630
-0.003656
-0.003656
-0.003656
-0.003656
-0.003684
-0.003710
-0.003710
-0.003710
-0.003710
-0.003737
-0.003764
-0.003818
-0.003818
-0.003818
-0.003818
-0.003845
-0.003845
-0.003872
-0.003872
-0.003898
-0.003898
-0.003898
-0.003952
-0.003925
-0.003952
-0.003979
-0.003979
-0.004006
-0.004006
-0.004006
-0.004033
-0.004033
-0.004060
-0.004086
-0.004086
-0.004086
-0.004113
-0.004113
-0.004140
-0.004140
-0.004166
-0.004166
-0.004194
-0.004248
-0.004248
-0.004248
-0.004248
-0.004248
-0.004274
-0.004274
-0.004301
-0.004301
-0.004328
-0.004328
-0.004355
-0.004382
-0.004408
-0.004408
-0.004408
-0.004436
-0.004436
-0.004463
-0.004463
-0.004489
-0.004463
-0.004516
-0.004516
-0.004516
-0.004543
-0.004543
-0.004543
-0.004570
-0.004597
-0.004597
-0.004623
-0.004623
-0.004677
-0.004677
-0.004677
-0.004677
-0.004731
-0.004704
-0.004731
-0.004731
-0.004758
-0.004758
-0.004758
-0.004785
-0.004811
-0.004838
-0.004838
-0.004838
-0.004865
-0.004865
-0.004892
-0.004892
-0.004919
-0.004946
-0.004946
-0.004946
-0.004972
-0.004972
-0.004972
-0.004999
-0.004999
-0.005053
-0.005053
-0.005107
-0.005107
-0.005107
-0.005107
-0.005134
-0.005107
-0.005134
-0.005160
-0.005160
-0.005187
-0.005214
-0.005214
-0.005214
-0.005241
-0.005267
-0.005267
-0.005295
-0.005295
-0.005322
-0.005295
-0.005283
-0.005283
-0.005112
-0.005112
-0.005112
-0.005112
-0.004942
-0.004772
-0.004772
-0.004431
-0.004431
-0.004089
-0.004089
-0.004089
-0.004089
-0.004089
-0.004089
-0.003919
-0.003749
-0.003749
-0.003749
-0.003578
-0.003578
-0.003578
-0.003408
-0.003237
-0.003237
