-0.016865
-0.017065
-0.017065
-0.017065
-0.017065
-0.017065
-0.017065
-0.016957
-0.016957
-0.016957
-0.016957
-0.017057
-0.017057
-0.017057
-0.017057
-0.017157
-0.017357
-0.017357
-0.017457
-0.017457
-0.017457
-0.017367
-0.017367
-0.016925
-0.016925
-0.016925
-0.016925
-0.017025
-0.017025
-0.016858
-0.016858
-0.016858
-0.016958
-0.017116
-0.017116
-0.017116
-0.017116
-0.017116
-0.017116
-0.017116
-0.016782
-0.016782
-0.016782
-0.016782
-0.016496
-0.016496
-0.016596
-0.016596
-0.016696
-0.016796
-0.016796
-0.016796
-0.016589
-0.016689
-0.016689
-0.016689
-0.016724
-0.016724
-0.016724
-0.016597
-0.016597
-0.016597
-0.016597
-0.016897
-0.016897
-0.017097
-0.017097
-0.017097
-0.017097
-0.017097
-0.017097
-0.015372
-0.015472
-0.015472
-0.015472
-0.015572
-0.015572
-0.015572
-0.015572
-0.015614
-0.015614
-0.015714
-0.015714
-0.015714
-0.015714
-0.015348
-0.015348
-0.015348
-0.015457
-0.015457
-0.015457
-0.015457
-0.014885
-0.014885
-0.014985
-0.015185
-0.015185
-0.015185
-0.015385
-0.015385
-0.015385
-0.015385
-0.015385
-0.015385
-0.014430
-0.014530
-0.014548
-0.014530
-0.014548
-0.014648
-0.014648
-0.014848
-0.014848
-0.014848
-0.014848
-0.014040
-0.014140
-0.014040
-0.014140
-0.014140
-0.014178
-0.014178
-0.014178
-0.014178
-0.014116
-0.014116
-0.012426
-0.012626
-0.012626
-0.012826
-0.012826
-0.012826
-0.012826
-0.012826
-0.012826
-0.012926
-0.013026
-0.013026
-0.013026
-0.013126
-0.013126
-0.013126
-0.013226
-0.013161
-0.013161
-0.013161
-0.013161
-0.013161
-0.012862
-0.012962
-0.012962
-0.012962
-0.012965
-0.012965
-0.012965
-0.012965
-0.013065
-0.013065
-0.013165
-0.013165
-0.013365
-0.013565
-0.013565
-0.013565
-0.013565
-0.013565
-0.013565
-0.013383
-0.013483
-0.013483
-0.013483
-0.013483
-0.013583
-0.013583
-0.009736
-0.009736
-0.009936
-0.009936
-0.009936
-0.010036
-0.010136
-0.010036
-0.010136
-0.010236
-0.010336
-0.010336
-0.010336
-0.010336
-0.010436
-0.010436
-0.010187
-0.010187
-0.010187
-0.010423
-0.010423
-0.010423
-0.010423
-0.010423
-0.010423
-0.010423
-0.010152
-0.010152
-0.010152
-0.010167
-0.010167
-0.010167
-0.010267
-0.010267
-0.009794
-0.009794
-0.009794
-0.009894
-0.009894
-0.009994
-0.009994
-0.010194
-0.010194
-0.010194
-0.010194
-0.010294
-0.010294
-0.010294
-0.010294
-0.010768
-0.010868
-0.011068
-0.011068
-0.011068
-0.011068
-0.011068
-0.011068
-0.010309
-0.010409
-0.010409
-0.010409
-0.010509
-0.010509
-0.010509
-0.010552
-0.010552
-0.010652
-0.010652
-0.010652
-0.010494
-0.010494
-0.010594
-0.010594
-0.010594
-0.009808
-0.009808
-0.009808
-0.009808
-0.009681
-0.009681
-0.009781
-0.009781
-0.010181
-0.010181
-0.010181
-0.010181
-0.010181
-0.010181
-0.010181
-0.010181
-0.009492
-0.009492
-0.009492
-0.009183
-0.009492
-0.009028
-0.009028
-0.009228
-0.009228
-0.009228
-0.009228
-0.009228
-0.009228
-0.008972
-0.008972
-0.008972
-0.008883
-0.008883
-0.008883
-0.009669
-0.009669
-0.009669
-0.006748
-0.006748
-0.006724
-0.006724
-0.006924
-0.006924
-0.006924
-0.006924
-0.006924
-0.007024
-0.006885
-0.006885
-0.006885
-0.006885
-0.006985
-0.006985
-0.006907
-0.007107
-0.007007
-0.007107
-0.007107
-0.006331
-0.006431
-0.006431
-0.006431
-0.006431
-0.006431
-0.006531
-0.006614
-0.006614
-0.006714
-0.006714
-0.006714
-0.006814
-0.006215
-0.006415
-0.006415
-0.006415
-0.006415
-0.006415
-0.006415
-0.006351
-0.006326
-0.006326
-0.006326
-0.005916
-0.005916
-0.005916
-0.005916
-0.006016
-0.006116
-0.005890
-0.005890
-0.005730
-0.005890
-0.005730
-0.005632
-0.005583
-0.005683
-0.005683
-0.005683
-0.005683
-0.005783
-0.005783
-0.005783
-0.005983
-0.005983
-0.005494
-0.005694
-0.005694
-0.005694
-0.005694
-0.005694
-0.005694
-0.005894
-0.005894
-0.005894
-0.005894
-0.004730
-0.004730
-0.004830
-0.005030
-0.005030
-0.005030
-0.005030
-0.005030
-0.005036
-0.005036
-0.005136
-0.004610
-0.005136
-0.004610
-0.004610
-0.004710
-0.004710
-0.004810
-0.004710
-0.004910
-0.005010
-0.005210
-0.005210
-0.005210
-0.005210
-0.005210
-0.004734
-0.005210
-0.004734
-0.004734
-0.004834
-0.004734
-0.004834
-0.004934
-0.004934
-0.005034
-0.004845
-0.004845
-0.004845
-0.004945
-0.004945
-0.004945
-0.005045
-0.005145
-0.005245
-0.005245
-0.005245
-0.005345
-0.005345
-0.005345
-0.005345
-0.005445
-0.005445
-0.005845
-0.005845
-0.005845
-0.005845
-0.005845
-0.005845
-0.005845
-0.003574
-0.003574
-0.003574
-0.003574
-0.003644
-0.003644
-0.003644
-0.003744
-0.003944
-0.003944
-0.003944
-0.003944
-0.003741
-0.003841
-0.003841
-0.003841
-0.003841
-0.004041
-0.004041
-0.004041
-0.003243
-0.003243
-0.003343
-0.003343
-0.003443
-0.003543
-0.003743
-0.003743
-0.003743
-0.003743
-0.003743
-0.003743
-0.003743
-0.003943
-0.003943
-0.003943
-0.003943
-0.002874
-0.002874
-0.002974
-0.003174
-0.003174
-0.003174
-0.003174
-0.003274
-0.003274
-0.003274
-0.003130
-0.003133
-0.003133
-0.003133
-0.003133
-0.003233
-0.003233
-0.003233
-0.003333
-0.003533
-0.003533
-0.003338
-0.003338
-0.003338
-0.003338
-0.003338
-0.003338
-0.003338
-0.002993
-0.002993
-0.002993
-0.002915
-0.002915
-0.002915
-0.002677
-0.002677
-0.002820
-0.002820
-0.002820
-0.002392
-0.002492
-0.002492
-0.002492
-0.002492
-0.002601
-0.002601
-0.002601
-0.002601
-0.002701
-0.002701
-0.002770
-0.002770
-0.003170
-0.003170
-0.003170
-0.003170
-0.003170
-0.003170
-0.003170
-0.001349
-0.001449
-0.001449
-0.001449
-0.001549
-0.001549
-0.001649
-0.001649
-0.001749
-0.001574
-0.001574
-0.001574
-0.001674
-0.001774
-0.001774
-0.001874
-0.001774
-0.001210
-0.001210
-0.001210
-0.001310
-0.001310
-0.001310
-0.001310
-0.001410
-0.001610
-0.000917
-0.000917
-0.000917
-0.000917
-0.000917
-0.000917
-0.001017
-0.001152
-0.001152
-0.001152
-0.001152
-0.001252
-0.001252
-0.001352
-0.001352
-0.001246
-0.001246
-0.001246
-0.001346
-0.001446
-0.001446
-0.001446
-0.001646
-0.001646
-0.001646
-0.001646
-0.001646
-0.001746
-0.001846
-0.001846
-0.002046
-0.002046
-0.001383
-0.001383
-0.001383
-0.001383
-0.001383
-0.001383
-0.001483
-0.001583
-0.001583
-0.001583
-0.001583
-0.001299
-0.001299
-0.001399
-0.001399
-0.001724
-0.001824
-0.001824
-0.001824
-0.001924
-0.002024
-0.002024
-0.002024
-0.002024
-0.002224
-0.002224
-0.002224
-0.002324
-0.002324
-0.002424
-0.002624
-0.002624
-0.002624
-0.003181
-0.003181
-0.003181
-0.003181
-0.003181
-0.003755
-0.003855
-0.003855
-0.003855
-0.003855
-0.003955
-0.003955
-0.003955
-0.004287
-0.004287
-0.004287
-0.004287
-0.005060
-0.004287
-0.005060
-0.005360
-0.005360
-0.005360
-0.005360
-0.005360
-0.005360
-0.005460
-0.005460
-0.005560
-0.005560
-0.005093
-0.004893
-0.005093
-0.005093
-0.005093
-0.005093
-0.005093
-0.005093
-0.005196
-0.005196
-0.005196
-0.005196
-0.005296
-0.005296
-0.004855
-0.004855
-0.005055
-0.005055
-0.005055
-0.005055
-0.005155
-0.005255
-0.005255
-0.005355
-0.005455
-0.005455
-0.005455
-0.005455
-0.005555
-0.005555
-0.005655
-0.005655
-0.005755
-0.005620
-0.005620
-0.005620
-0.005620
-0.005620
-0.005620
-0.005720
-0.005820
-0.005820
-0.005820
-0.005920
-0.005920
-0.005920
-0.006020
-0.006220
-0.006220
-0.006220
-0.006220
-0.006220
-0.004007
-0.004107
-0.004207
-0.004107
-0.004107
-0.004307
-0.004307
-0.004307
-0.004052
-0.004052
-0.004152
-0.004252
-0.004352
-0.003805
-0.003805
-0.003805
-0.003805
-0.003805
-0.003805
-0.003805
-0.003905
-0.003879
-0.003879
-0.003879
-0.003696
-0.003796
-0.003796
-0.003796
-0.003276
-0.003276
-0.003276
-0.003376
-0.003376
-0.003376
-0.003476
-0.003576
-0.002801
-0.002801
-0.002801
-0.002801
-0.002901
-0.003001
-0.003001
-0.003001
-0.003201
-0.003201
-0.003401
-0.003401
-0.003401
-0.003401
-0.003401
-0.003401
-0.003501
-0.003385
-0.003385
-0.003485
-0.003385
-0.003485
-0.002892
-0.002892
-0.003092
-0.003092
-0.003092
-0.003092
-0.003192
-0.003292
-0.003192
-0.003292
-0.002798
-0.002798
-0.002798
-0.002798
-0.002798
-0.002898
-0.002998
-0.002998
-0.003198
-0.001913
-0.001913
-0.001913
-0.001913
-0.001913
-0.001913
-0.002013
-0.002113
-0.002113
-0.002113
-0.002213
-0.002213
-0.002213
-0.002413
-0.002213
-0.002513
-0.002513
-0.002513
-0.001893
-0.001993
-0.001993
-0.001993
-0.002193
-0.002193
-0.002193
-0.002193
-0.001812
-0.001812
-0.001812
-0.001912
-0.001912
-0.002112
-0.002312
-0.002312
-0.002312
-0.002312
-0.002312
-0.002312
-0.002512
-0.002512
-0.002512
-0.002512
-0.002612
-0.002612
-0.002712
-0.002712
-0.002912
-0.002812
-0.002912
-0.002912
-0.003012
-0.003012
-0.003112
-0.003112
-0.003112
-0.002682
-0.002682
-0.002682
-0.002782
-0.002782
-0.002682
-0.002882
-0.003082
-0.002982
-0.003282
-0.003282
-0.003282
-0.003282
-0.003282
-0.003282
-0.003282
-0.003282
-0.001638
-0.001638
-0.001638
-0.001738
-0.001838
-0.001738
-0.001838
-0.001380
-0.001380
-0.001380
-0.001380
-0.001480
-0.001580
-0.001580
-0.001580
-0.001752
-0.001752
-0.001752
-0.001752
-0.001852
-0.001852
-0.001952
-0.001952
-0.001926
-0.001926
-0.002126
-0.002126
-0.002126
-0.002126
-0.002126
-0.002126
-0.002054
-0.002054
-0.002054
-0.002154
-0.002154
-0.002154
-0.002254
-0.002354
-0.002454
-0.002454
-0.002454
-0.000791
-0.000791
-0.000891
-0.000891
-0.000891
-0.001091
-0.001091
-0.001091
-0.001091
-0.001191
-0.001191
-0.001291
-0.001291
-0.001491
-0.001691
-0.001691
-0.001691
-0.001691
-0.001691
-0.001691
-0.001691
-0.000928
-0.000928
-0.000928
-0.000928
-0.001028
-0.001028
-0.001128
-0.001028
-0.001328
-0.001328
-0.001328
-0.001428
-0.001428
-0.001428
-0.001528
0.000237
0.000137
0.000137
0.000137
0.000037
0.000037
-0.000063
-0.000063
-0.000063
-0.000263
-0.000463
-0.000263
-0.000463
-0.000463
-0.000463
-0.000463
-0.000215
-0.000115
-0.000215
-0.000215
-0.000123
-0.000123
-0.000223
-0.000223
-0.000423
-0.000423
-0.000423
-0.000423
-0.000523
-0.000623
-0.000623
-0.000623
-0.000823
-0.000823
-0.000823
-0.000823
-0.000823
-0.000923
-0.001023
-0.001023
-0.001423
-0.001223
-0.001423
-0.001423
-0.001423
-0.001423
-0.001423
-0.001423
-0.001423
-0.001031
-0.001131
-0.001131
-0.001231
-0.001131
-0.001231
-0.001331
0.000231
0.000231
0.000231
0.000231
0.000231
0.000231
0.000031
0.000031
-0.000169
-0.000169
-0.000169
-0.000169
-0.000169
-0.000269
0.000063
-0.000269
-0.000137
-0.000137
-0.000337
-0.000337
-0.000337
-0.000337
-0.000337
-0.000337
0.000758
0.000658
0.000658
0.000658
0.000658
0.000558
0.000558
0.000558
0.000458
0.000901
0.000901
0.000901
0.000901
0.000801
0.000701
0.000701
0.000805
0.000705
0.000705
0.000705
0.000705
0.000605
0.000605
0.000505
0.000405
0.000105
0.000105
0.000105
0.000105
0.000105
0.000105
0.000105
0.000005
-0.000095
-0.000095
-0.000095
-0.000195
-0.000195
-0.000195
-0.000195
0.000189
0.000759
0.000759
0.000759
0.000759
0.001389
0.001289
0.001289
0.001245
0.001331
0.001331
0.001331
0.001331
0.001231
0.001231
0.001031
0.001131
0.000931
0.000931
0.000731
0.000731
0.000731
0.000731
0.000731
0.000631
0.000531
0.000531
0.000531
0.000531
0.000431
0.000431
0.000331
0.000331
0.000253
0.000253
0.000253
0.000253
0.000241
0.000141
0.000141
0.000041
-0.000059
-0.000059
-0.000059
-0.000059
-0.000059
-0.000034
-0.000134
-0.000134
-0.000334
-0.000334
-0.004059
-0.004059
-0.004059
-0.004059
-0.004059
-0.004059
0.001528
0.001802
0.001802
0.001802
0.001702
0.001702
0.001702
0.001602
0.001502
0.001402
0.001402
0.001402
0.001302
0.001302
0.001202
0.001202
0.001349
0.001249
0.001249
0.001249
0.001379
0.001379
0.001384
0.001384
0.001184
0.001897
0.001897
0.001897
0.001897
0.001897
0.001897
0.001897
0.001697
0.001697
0.001697
0.001597
0.001597
0.001597
0.001597
0.001497
0.001497
0.002218
0.002218
0.002218
0.002118
0.002118
0.002298
0.002298
0.002298
0.002098
0.002098
0.002098
0.001998
0.001998
0.001898
0.001898
0.002404
0.002404
0.002204
0.002204
0.002204
0.002204
0.002204
0.002204
0.003451
0.003451
0.003451
0.003351
0.003351
0.003351
0.003251
0.003212
0.003212
0.003212
0.003212
0.003212
0.003212
0.003012
0.003012
0.002812
0.002812
0.002812
0.002812
0.002712
0.002712
0.002712
0.002612
0.002612
0.002412
0.003031
0.003031
0.003031
0.003031
0.003031
0.003031
0.003031
0.003031
0.003031
0.002831
0.002831
0.002996
0.002996
0.002996
0.003022
0.002822
0.002822
0.002822
0.002822
0.002722
0.002722
0.002622
0.002522
0.002422
0.002422
0.002422
0.002422
0.002322
0.002322
0.002222
0.002857
0.002222
0.002857
0.002657
0.002657
0.002657
0.002657
0.002657
0.002657
0.002457
0.002457
0.002457
0.002457
0.002357
0.002357
0.002635
0.002635
0.002704
0.002704
0.002704
0.002704
0.002331
0.002331
0.002331
0.002331
0.002131
0.002131
0.002131
0.002131
0.002031
0.002031
0.001931
0.001745
0.001445
0.001645
0.001445
0.001445
0.001445
0.001445
0.001445
0.001445
0.002407
0.002407
0.002407
0.002407
0.002307
0.002307
0.002307
0.002837
0.001358
0.001358
0.001358
0.001358
0.003685
0.003685
0.003685
0.003585
0.003685
0.003485
0.003485
0.003385
0.003385
0.003385
0.003385
0.003285
0.003085
0.002885
0.003085
0.002885
0.002885
0.002885
0.002885
0.002885
0.004463
0.004463
0.004463
0.004463
0.004363
0.004363
0.004263
0.004263
0.004263
0.004063
0.004063
0.004063
0.004063
0.004539
0.004439
0.004239
0.004239
0.004239
0.004239
0.004239
0.004313
0.004213
0.004313
0.004231
0.004231
0.004131
0.004584
0.004584
0.004584
0.004584
0.004584
0.004584
0.004264
0.004264
0.004264
0.004264
0.004264
0.004064
0.004064
0.004637
0.004637
0.004637
0.004637
0.004637
0.004537
0.004537
0.004437
0.004437
0.004237
0.004237
0.004237
0.004237
0.004715
0.004715
0.004715
0.004515
0.004515
0.004215
0.004215
0.004215
0.004215
0.004215
0.004215
0.004149
0.004049
0.004049
0.004049
0.004268
0.004268
0.004268
0.004268
0.004267
0.004067
0.004067
0.004067
0.004067
0.004067
0.003967
0.003867
0.005039
0.005139
0.005039
0.005039
0.005039
0.005039
0.004939
0.005214
0.005214
0.005214
0.005003
0.004966
0.004966
0.004966
0.004966
0.004966
0.004966
0.005323
0.005223
0.005223
0.005207
0.005207
0.005207
0.005187
0.005370
0.005370
0.005370
0.005370
0.005370
0.005270
0.005411
0.005411
0.005311
0.005311
0.005211
0.005211
0.005211
0.005111
0.005111
0.005111
0.005011
0.004911
0.005011
0.004599
0.004599
0.004599
0.004599
0.004599
0.004599
0.005634
0.005634
0.005734
0.005534
0.005534
0.005534
0.005534
0.005387
0.005387
0.005387
0.005387
0.005387
0.005455
0.005363
0.005363
0.005363
0.005192
0.005192
0.005192
0.005192
0.005648
0.005648
0.005648
0.005548
0.005448
0.005348
0.005394
0.005394
0.005394
0.005394
0.005922
0.005394
0.005902
0.005902
0.005902
0.005902
0.005902
0.006096
0.006096
0.006096
0.005851
0.005851
0.005851
0.005851
0.005851
0.006103
0.006103
0.006103
0.006103
0.006003
0.006103
0.005903
0.005903
0.005803
0.005703
0.005803
0.005703
0.005603
0.005583
0.005583
0.005583
0.005583
0.005583
0.005583
0.005645
0.004920
0.004920
0.004920
0.004920
0.005442
0.005442
0.005342
0.005342
0.005142
0.005142
0.005142
0.005142
0.005904
0.006004
0.005904
0.005904
0.005904
0.005704
0.005704
0.005704
0.005981
0.005981
0.005881
0.005881
0.005781
0.005481
0.005481
0.005481
0.005481
0.005481
0.005481
0.005481
0.005107
0.005107
0.005107
0.005107
0.005007
0.005007
0.005007
0.004807
0.004707
0.004707
0.004707
0.004707
0.004607
0.007128
0.007128
0.007028
0.006928
0.006928
0.006928
0.006928
0.006828
0.006828
0.006728
0.006728
0.006388
0.006388
0.006188
0.006188
0.006188
0.006188
0.006188
0.006188
0.006087
0.006087
0.006087
0.006087
0.007743
0.007743
0.007743
0.007262
0.007743
0.007262
0.007262
0.007262
0.007135
0.007135
0.007035
0.007035
0.006835
0.006835
0.006835
0.006835
0.006649
0.006649
0.006549
0.006549
0.006449
0.006149
0.006149
0.006149
0.006149
0.006149
0.006149
0.006149
0.006049
0.005949
0.005949
0.005949
0.005949
0.005849
0.005749
0.005649
0.006057
0.006057
0.006057
0.005649
0.006057
0.005857
0.005957
0.005857
0.005857
0.005657
0.005657
0.005557
0.005557
0.005557
0.005457
0.005257
0.005257
0.005627
0.005627
0.005627
0.005627
0.005627
0.005627
0.005627
0.005527
0.006466
0.006466
0.006466
0.006085
0.006085
0.006085
0.005985
0.005785
0.005785
0.005785
0.005785
0.005685
0.005685
0.005585
0.005585
0.005585
0.005623
0.005623
0.005623
0.005523
0.005523
0.005523
0.005423
0.005223
0.005223
0.005023
0.005023
0.005023
0.005023
0.005023
0.005023
0.005975
0.005875
0.005875
0.005775
0.005775
0.005775
0.005675
0.005675
0.005475
0.005475
0.005475
0.005780
0.005780
0.005780
0.005680
0.005680
0.005680
0.005480
0.005480
0.005480
0.005480
0.005380
0.005380
0.005180
0.005080
0.004341
0.004341
0.004341
0.004341
0.004341
0.004341
0.004341
0.004341
0.004341
0.006959
0.006959
0.006921
0.006921
0.006921
0.006721
0.006621
0.006621
0.006621
0.006621
0.006621
0.006521
0.006737
0.006737
0.006537
0.006537
0.006537
0.006537
0.006437
0.006437
0.006337
0.006337
0.006137
0.006137
0.005937
0.005937
0.005937
0.005937
0.005937
0.006153
0.006153
0.006053
0.006053
0.006053
0.005953
0.005953
0.005953
0.005853
0.005653
0.005653
0.005653
0.005653
0.005653
0.005553
0.005453
0.005453
0.005453
0.005253
0.005253
0.005153
0.005153
0.005153
0.004961
0.004761
0.004761
0.004561
0.004561
0.004561
0.004561
0.004561
0.004561
0.004561
0.006526
0.006526
0.006526
0.006426
0.006426
0.006426
0.006326
0.006326
0.006126
0.006126
0.006126
0.006126
0.006026
0.005926
0.005926
0.005926
0.005726
0.005726
0.005726
0.005726
0.005768
0.005768
0.005668
0.005668
0.005668
0.005268
0.005268
0.005268
0.005268
0.005268
0.005268
0.005168
0.005068
0.005068
0.005068
0.005068
0.005068
0.004968
0.004868
0.004868
0.007008
0.007008
0.007008
0.006908
0.006808
0.006808
0.006808
0.006808
0.006608
0.006608
0.006608
0.006608
0.006608
0.006767
0.006667
0.006567
0.006467
0.006467
0.006467
0.006267
0.006267
0.006267
0.006267
0.006167
0.006067
0.006067
0.006067
0.006067
0.005967
0.005967
0.005967
0.005867
0.005667
0.005667
0.005667
0.005667
0.006927
0.006827
0.006827
0.006627
0.006627
0.006627
0.006627
0.006527
0.006527
0.006527
0.006427
0.006527
0.006227
0.006027
0.006027
0.006027
0.006027
0.006027
0.006027
0.006027
0.006027
0.006153
0.006153
0.006153
0.006053
0.006053
0.007119
0.007119
0.007019
0.006919
0.006919
0.006997
0.006997
0.006897
0.006997
0.007325
0.007325
0.007325
0.007325
0.007325
0.007225
0.007225
0.007125
0.007125
0.006925
0.006925
0.006725
0.006725
0.006725
0.006725
0.006725
0.006725
0.007298
0.007298
0.007298
0.007298
0.007473
0.007473
0.007373
0.007618
0.007618
0.007618
0.007618
0.007618
0.007518
0.007418
0.007418
0.007318
0.007298
0.007298
0.007298
0.007198
0.007198
0.007198
0.007098
0.007098
0.004572
0.006898
0.006898
0.004572
0.004572
0.004572
0.004572
0.004572
0.007687
0.007587
0.007587
0.007587
0.007611
0.007611
0.007649
0.007649
0.007668
0.007668
0.007668
0.007668
0.007668
0.007682
0.007682
0.007979
0.007879
0.007879
0.007879
0.008254
0.008254
0.008254
0.008254
0.008154
0.008291
0.008091
0.008091
0.008091
0.008091
0.008091
0.008091
0.008910
0.008910
0.008910
0.008910
0.008810
0.008810
0.008810
0.008710
0.008710
0.008610
0.008510
0.008510
0.008510
0.009108
0.009108
0.009008
0.009008
0.008808
0.008808
0.008808
0.008808
0.008808
0.009242
0.009142
0.009142
0.008942
0.008942
0.008742
0.008742
0.008742
0.008742
0.008742
0.008542
0.008542
0.008542
0.008542
0.008740
0.008542
0.008740
0.008640
0.008440
0.008440
0.008440
0.008440
0.008440
0.008340
0.008240
0.008240
0.008240
0.008040
0.008040
0.008040
0.009107
0.009107
0.009107
0.009007
0.009007
0.008807
0.008607
0.008607
0.008607
0.008607
0.008607
0.008607
0.008507
0.008507
0.009136
0.009136
0.009036
0.008936
0.009036
0.009036
0.008736
0.009036
0.008736
0.008736
0.008736
0.008636
0.008536
0.008536
0.008536
0.008336
0.008336
0.008336
0.008336
0.008581
0.008581
0.008481
0.008381
0.008381
0.008081
0.008081
0.008081
0.008081
0.008081
0.008081
0.008856
0.008856
0.008856
0.008856
0.008856
0.008756
0.008756
0.008656
0.008456
0.008456
0.008456
0.008456
0.008356
0.008356
0.008256
0.008256
0.008256
0.008056
0.008056
0.008056
0.008056
0.007956
0.008056
0.007856
0.007656
0.007656
0.007994
0.007656
0.007994
0.007994
0.007994
0.007994
0.007894
0.007894
0.007794
0.007794
0.007794
0.008016
0.008016
0.007916
0.007997
0.007997
0.007997
0.007997
0.007997
0.007897
0.008156
0.008056
0.008156
0.007956
0.007956
0.007956
0.007956
0.007856
0.007756
0.007956
0.007756
0.007556
0.007356
0.007356
0.007356
0.007356
0.007356
0.007356
0.007156
0.007156
0.007156
0.007156
0.007156
0.007056
0.007056
0.006956
0.006956
0.007384
0.007384
0.007384
0.007284
0.007284
0.007284
0.007184
0.006984
0.006984
0.006984
0.006984
0.006984
0.006984
0.006884
0.006784
0.006584
0.006784
0.005997
0.005997
0.005997
0.005997
0.005997
0.005997
0.009494
0.009494
0.009394
0.009394
0.009394
0.009294
0.009194
0.009194
0.009094
0.009094
0.008994
0.008994
0.008994
0.008794
0.008794
0.008794
0.008694
0.008794
0.008594
0.008594
0.008594
0.008494
0.008594
0.008494
0.011007
0.010807
0.010607
0.010607
0.010607
0.010607
0.010607
0.010607
0.010607
0.010607
0.010407
0.010407
0.010407
0.010307
0.010307
0.010207
0.010207
0.010107
0.010007
0.010007
0.009991
0.009991
0.009891
0.009891
0.009891
0.009691
0.009691
0.009691
0.009691
0.009691
0.009591
0.009438
0.010042
0.009942
0.009742
0.009742
0.009742
0.009742
0.009742
0.009742
0.009742
0.010057
0.010057
0.010057
0.010057
0.009957
0.009957
0.010057
0.009776
0.009676
0.009676
0.009676
0.009676
0.009576
0.009656
0.009656
0.009656
0.009456
0.009456
0.009456
0.009356
0.009356
0.009356
0.009256
0.009256
0.009395
0.009195
0.009195
0.009195
0.009195
0.009195
0.009195
0.008805
0.008805
0.008905
0.008805
0.008514
0.008514
0.008514
0.008514
0.009919
0.009819
0.009719
0.009719
0.009619
0.009619
0.009623
0.009623
0.009623
0.009860
0.009860
0.009860
0.009860
0.009906
0.009906
0.009806
0.009706
0.009606
0.009906
0.009906
0.009906
0.009906
0.009906
0.009906
0.009806
0.009914
0.009914
0.009914
0.009814
0.009814
0.009814
0.009814
0.010113
0.009913
0.009913
0.009913
0.009913
0.009813
0.009713
0.009713
0.009613
0.009513
0.009513
0.009513
0.009513
0.009413
0.009413
0.009413
0.009313
0.009113
0.008913
0.008913
0.008913
0.008913
0.008913
0.008913
0.008913
0.009435
0.009335
0.009335
0.009235
0.009235
0.009135
0.009135
0.009135
0.008935
0.008935
0.008935
0.008935
0.008835
0.008735
0.008735
0.008735
0.009329
0.009329
0.009329
0.009329
0.009329
0.009229
0.009425
0.009325
0.009225
0.009225
0.009025
0.009025
0.009025
0.009025
0.009025
0.009025
0.009242
0.009242
0.009242
0.009142
0.009142
0.009142
0.009042
0.009042
0.008842
0.008842
0.008842
0.008742
0.008742
0.008642
0.008742
0.008642
0.008442
0.008442
0.008442
0.008807
0.008807
0.008807
0.008807
0.008707
0.008707
0.008507
0.008307
0.008307
0.008307
0.008307
0.009569
0.009469
0.009569
0.009469
0.009469
0.009469
0.009369
0.009369
0.009444
0.009444
0.009444
0.009244
0.009244
0.009616
0.009616
0.009244
0.009978
0.009778
0.009778
0.009778
0.009778
0.009778
0.009778
0.009678
0.009678
0.009578
0.009578
0.009478
0.009178
0.009178
0.009178
0.009178
0.009178
0.009178
0.009345
0.009345
0.009345
0.009345
0.009890
0.009890
0.009790
0.009768
0.009768
0.009790
0.009768
0.009768
0.009668
0.009568
0.009568
0.009568
0.009368
0.009368
0.009368
0.009368
0.009368
0.009810
0.009810
0.009710
0.009510
0.009510
0.009510
0.009597
0.009597
0.009597
0.009597
0.009597
0.009497
0.009193
0.009193
0.009193
0.009193
0.009093
0.009093
0.009070
0.009070
0.008972
0.008972
0.008972
0.009095
0.009095
0.009095
0.009095
0.009233
0.009233
0.009233
0.009233
0.009133
0.009133
0.009133
0.009116
0.008916
0.008716
0.008716
0.008716
0.008716
0.008716
0.008716
0.008716
0.008905
0.008905
0.008905
0.008905
0.009446
0.009446
0.009346
0.009246
0.009346
0.009146
0.009146
0.009146
0.009431
0.009331
0.009331
0.009690
0.009590
0.009590
0.009590
0.009490
0.009490
0.009490
0.009490
0.009390
0.008990
0.008990
0.008990
0.008990
0.008990
0.008990
0.008990
0.008413
0.008413
0.009420
0.008413
0.008413
0.008413
0.011028
0.010928
0.011028
0.010928
0.010728
0.010728
0.010728
0.010563
0.010563
0.010463
0.010463
0.009676
0.009676
0.009676
0.009676
0.009676
0.009576
0.009576
0.009476
0.009276
0.009476
0.009076
0.009076
0.009076
0.009076
0.009076
0.009076
0.009002
0.009002
0.009002
0.009002
0.008902
0.008902
0.008902
0.008802
0.008702
0.008602
0.008602
0.008602
0.008602
0.008502
0.008552
0.008552
0.008552
0.008549
0.008549
0.008549
0.008449
0.008449
0.008449
0.008449
0.008249
0.008149
0.007949
0.007949
0.007949
0.007949
0.007949
0.007949
0.008382
0.008282
0.008282
0.008572
0.008282
0.008572
0.008572
0.008472
0.008272
0.008272
0.008272
0.008272
0.008172
0.008272
0.008072
0.008072
0.007872
0.007872
0.007872
0.007872
0.007872
0.008084
0.008084
0.007984
0.007984
0.007884
0.007784
0.007487
0.007487
0.007487
0.007487
0.007487
0.007586
0.007486
0.007486
0.007554
0.007486
0.007554
0.007554
0.007554
0.007354
0.007254
0.007254
0.007254
0.007254
0.007154
0.007054
0.007054
0.007054
0.006954
0.007034
0.007034
0.007034
0.009307
0.009307
0.009307
0.008535
0.008335
0.008927
0.008927
0.008927
0.008927
0.008927
0.008927
0.008927
0.008059
0.008059
0.008059
0.007959
0.007959
0.007959
0.007959
0.007859
0.008040
0.008040
0.008040
0.008040
0.008129
0.008029
0.008029
0.007829
0.007829
0.007829
0.007829
0.007829
0.007829
0.008428
0.008428
0.008328
0.008328
0.008221
0.008021
0.008021
0.008021
0.008021
0.008021
0.008021
0.008541
0.008541
0.008541
0.008541
0.008441
0.008441
0.008441
0.008341
0.008241
0.008141
0.008141
0.008041
0.007941
0.007941
0.007941
0.007941
0.007980
0.007980
0.007980
0.007980
0.007787
0.007787
0.007787
0.007687
0.007287
0.007287
0.007287
0.007287
0.007287
0.007287
0.007287
0.007287
0.007278
0.007278
0.007278
0.007230
0.007230
0.007230
0.007230
0.007274
0.007074
0.007074
0.007074
0.007074
0.006974
0.006874
0.006874
0.006874
0.007753
0.007753
0.007753
0.007753
0.007653
0.007653
0.008035
0.008035
0.007635
0.007635
0.007635
0.007635
0.007635
0.007635
0.007635
0.007635
0.008220
0.008220
0.008220
0.008220
0.008220
0.008120
0.008020
0.008020
0.007920
0.007820
0.007820
0.007720
0.007720
0.007620
0.007620
0.007620
0.007620
0.007420
0.007420
0.007420
0.007320
0.007320
0.007220
0.007220
0.007220
0.007120
0.006356
0.006356
0.006356
0.006356
0.006356
0.006356
0.008905
0.008905
0.008905
0.008805
0.008805
0.008805
0.008705
0.008505
0.008505
0.008505
0.008505
0.008405
0.008305
0.008405
0.008305
0.008305
0.008105
0.008105
0.008105
0.008105
0.008005
0.008005
0.007905
0.007805
0.007666
0.007666
0.007666
0.007666
0.007666
0.007666
0.007666
0.007666
0.007839
0.007839
0.007839
0.007839
0.007822
0.007822
0.007822
0.007722
0.007622
0.008292
0.008292
0.008292
0.008192
0.008092
0.008092
0.008092
0.007992
0.007892
0.007892
0.007792
0.007792
0.007792
0.007792
0.007692
0.007668
0.007468
0.007468
0.007468
0.007468
0.007468
0.007468
0.007770
0.007770
0.007770
0.007770
0.007670
0.007670
0.007570
0.007570
0.007470
0.007370
0.007370
0.007370
0.007370
0.007270
0.007170
0.007170
0.007170
0.007673
0.007673
0.007673
0.007673
0.007573
0.007473
0.007473
0.007437
0.007237
0.007237
0.007237
0.007237
0.007237
0.007237
0.007237
0.007237
0.007156
0.007156
0.007156
0.007156
0.007056
0.007056
0.006956
0.006956
0.006756
0.006756
0.006756
0.006756
0.006829
0.006796
0.006796
0.006796
0.004335
0.004335
0.004335
0.004335
0.004335
0.006746
0.006746
0.006646
0.006457
0.006457
0.006457
0.006457
0.006457
0.006457
0.006457
0.006357
0.006457
0.006479
0.006479
0.006479
0.006598
0.006598
0.006598
0.006498
0.006298
0.006298
0.006298
0.006298
0.006198
0.006098
0.006098
0.006098
0.005898
0.005898
0.005898
0.005898
0.005798
0.005798
0.005798
0.005698
0.005498
0.005298
0.005298
0.005298
0.005298
0.005298
0.005298
0.005298
0.005433
0.005433
0.005433
0.005433
0.005433
0.005433
0.005703
0.005703
0.005603
0.005820
0.005820
0.005820
0.005720
0.005768
0.005768
0.005768
0.005568
0.005568
0.005568
0.005568
0.005568
0.005468
0.006156
0.006156
0.006156
0.005756
0.005756
0.005756
0.005756
0.005756
0.005756
0.005756
0.005756
0.005556
0.005556
0.005556
0.005456
0.005456
0.005356
0.005356
0.005256
0.005156
0.005156
0.005056
0.005056
0.004956
0.004956
0.004956
0.005762
0.005762
0.005762
0.005762
0.005662
0.005662
0.005562
0.005562
0.005562
0.005275
0.005275
0.005275
0.005275
0.005275
0.005275
0.005275
0.005663
0.005663
0.005663
0.005563
0.005563
0.005563
0.005463
0.005463
0.005463
0.005263
0.005263
0.005163
0.005263
0.005163
0.005063
0.005063
0.004863
0.004863
0.004863
0.004863
0.004863
0.004763
0.004663
0.004663
0.004663
0.004342
0.004342
0.004342
0.004342
0.004342
0.004342
0.004342
0.004342
0.004288
0.004288
0.004188
0.004188
0.004188
0.004795
0.004595
0.004595
0.004595
0.004595
0.004595
0.004595
0.004395
0.004395
0.004395
0.004195
0.004195
0.004195
0.004095
0.004095
0.004095
0.003995
0.003895
0.003895
0.003595
0.003595
0.003595
0.003595
0.003595
0.003595
0.003395
0.003395
0.003395
0.003395
0.003395
0.003395
0.003295
0.003363
0.003363
0.003163
0.003163
0.003163
0.003163
0.003754
0.003654
0.003654
0.003654
0.003454
0.003454
0.003454
0.003354
0.003354
0.003354
0.003354
0.003254
0.004015
0.003815
0.003815
0.003815
0.003815
0.003815
0.003815
0.004086
0.004086
0.004086
0.004086
0.003986
0.003986
0.003986
0.003886
0.003886
0.004366
0.004366
0.004366
0.004366
0.004266
0.004166
0.004166
0.004166
0.004066
0.003966
0.003966
0.003866
0.003866
0.003866
0.003866
0.003766
0.003937
0.003937
0.003937
0.003937
0.003937
0.003937
0.003937
0.003937
0.003737
0.003737
0.003737
0.003737
0.003931
0.003931
0.003931
0.003731
0.004259
0.004259
0.004259
0.004159
0.004159
0.004159
0.004059
0.003959
0.003859
0.003859
0.003859
0.003859
0.003859
0.003831
0.003831
0.003731
0.003609
0.003809
0.003609
0.003609
0.003609
0.003609
0.003609
0.003609
0.003646
0.003646
0.003646
0.003546
0.003546
0.003546
0.003446
0.003346
0.003346
0.003246
0.003246
0.003246
0.003246
0.003046
0.003046
0.003046
0.002846
0.002846
0.002846
0.002846
0.003592
0.003592
0.003592
0.003492
0.003292
0.003092
0.003092
0.003092
0.003092
0.003092
0.003092
0.003092
0.003092
0.002892
0.002892
0.002892
0.004077
0.004077
0.003977
0.003977
0.003777
0.003777
0.003777
0.003777
0.003777
0.003777
0.003677
0.003677
0.003677
0.003477
0.003477
0.003477
0.003377
0.003377
0.003377
0.003277
0.003177
0.002877
0.002877
0.002877
0.002877
0.002877
0.002877
0.002877
0.002877
0.003021
0.003021
0.003021
0.002921
0.002921
0.002921
0.002821
0.002621
0.002621
0.002621
0.002621
0.003086
0.002986
0.002986
0.002986
0.002886
0.002786
0.002786
0.003418
0.003418
0.003418
0.003418
0.003218
0.003218
0.003421
0.003421
0.003421
0.003421
0.003421
0.003421
0.003421
0.003550
0.003550
0.003550
0.003550
0.003550
0.003450
0.003350
0.003150
0.003150
0.003150
0.003150
0.003150
0.003050
0.002950
0.002950
0.002950
0.002750
0.002750
0.002750
0.002750
0.004838
0.004838
0.004838
0.004738
0.004738
0.004538
0.004338
0.004338
0.004338
0.004338
0.004338
0.004338
0.004138
0.004138
0.004138
0.004038
0.004038
0.004038
0.003938
0.003738
0.003838
0.003738
0.003738
0.003638
0.003638
0.003638
0.003538
0.003438
0.003538
0.003543
0.003543
0.003543
0.003788
0.003788
0.003788
0.003588
0.003950
0.003950
0.003950
0.003950
0.003950
0.003950
0.003950
0.003950
0.004313
0.004313
0.004313
0.004313
0.004213
0.004213
0.004113
0.004213
0.003772
0.003772
0.003772
0.003772
0.003772
0.003572
0.003572
0.003472
0.003372
0.003372
0.003372
0.003372
0.003372
0.003397
0.003297
0.003297
0.003097
0.002897
0.002897
0.002897
0.002897
0.002897
0.002897
0.002897
0.002987
0.002987
0.002987
0.002967
0.002967
0.002967
0.003071
0.003071
0.003135
0.003135
0.003135
0.003135
0.003135
0.002935
0.002935
0.002935
0.002887
0.002887
0.002887
0.002887
0.002787
0.002887
0.002687
0.002687
0.002587
0.002287
0.002287
0.002287
0.002287
0.002287
0.002287
0.002287
0.002287
0.002087
0.002087
0.002087
0.002087
0.001887
0.001887
0.001787
0.001887
0.001687
0.001687
0.001687
0.001587
0.001487
0.001487
0.001487
0.004372
0.004372
0.004372
0.004272
0.004372
0.004272
0.004272
0.004172
0.004072
0.003972
0.003772
0.003772
0.003772
0.003772
0.003772
0.003772
0.003746
0.003746
0.003746
0.003746
0.003646
0.003646
0.003646
0.003446
0.003346
0.003346
0.003346
0.003346
0.003246
0.003146
0.003146
0.003146
0.003046
0.002800
0.002800
0.002800
0.002800
0.002700
0.002600
0.002600
0.002638
0.002438
0.002438
0.002438
0.002438
0.002438
0.002438
0.002438
0.002338
0.002509
0.002509
0.002509
0.002610
0.002610
0.002610
0.002610
0.002510
0.002587
0.002587
0.002587
0.002487
0.002487
0.002817
0.002617
0.002617
0.002617
0.002617
0.002517
0.002517
0.002517
0.002417
0.002417
0.003626
0.003426
0.003426
0.003426
0.003426
0.003426
0.003426
0.003426
0.003326
0.003226
0.003226
0.003226
0.003126
0.003162
0.003162
0.003162
0.003062
0.002962
0.002962
0.003098
0.003098
0.003100
0.003100
0.003100
0.003000
0.002900
0.002900
0.002900
0.002900
0.002941
0.002841
0.002841
0.002954
0.002931
0.002931
0.002931
0.002931
0.002931
0.002931
0.002931
0.002831
0.002942
0.002942
0.002942
0.003260
0.003260
0.003160
0.003160
0.002960
0.002960
0.002960
0.002960
0.003492
0.003392
0.003392
0.003392
0.003320
0.003320
0.003320
0.003320
0.003320
0.003220
0.003220
0.003120
0.002920
0.003482
0.003482
0.003482
0.003482
0.003482
0.003482
0.003482
0.003482
0.003282
0.003282
0.003311
0.003311
0.003311
0.003211
0.003211
0.003211
0.003094
0.003094
0.003094
0.003094
0.002994
0.002894
0.002894
0.002679
0.002679
0.002679
0.002679
0.002679
0.002579
0.002579
0.002757
0.002557
0.002557
0.002666
0.002666
0.002666
0.002666
0.002666
0.002666
0.002842
0.002842
0.002842
0.002842
0.002842
0.002742
0.002742
0.002642
0.002442
0.002442
0.002442
0.002442
0.002442
0.002342
0.003367
0.003167
0.003367
0.003167
0.003167
0.003103
0.003103
0.003103
0.003003
0.003003
0.003003
0.002603
0.002603
0.002603
0.002603
0.002603
0.002603
0.002603
0.002603
0.002403
0.002403
0.002403
0.002619
0.002403
0.002619
0.002519
0.002519
0.002319
0.002319
0.002319
0.002319
0.002551
0.002551
0.002551
0.002351
0.002351
0.002351
0.002351
0.002251
0.002251
0.002251
0.002737
0.002810
0.002810
0.002610
0.002610
0.002610
0.002610
0.002610
0.002510
0.002764
0.002764
0.002764
0.002664
0.002664
0.002564
0.002564
0.002664
0.002564
0.002364
0.002364
0.002364
0.002364
0.002164
0.002164
0.002164
0.001964
0.001964
0.001964
0.001964
0.001864
0.001864
0.001864
0.002457
0.002557
0.002798
0.002798
0.002798
0.002798
0.002798
0.002798
0.002798
0.002798
0.002598
0.002598
0.002598
0.002598
0.003023
0.003023
0.002923
0.002723
0.002823
0.002723
0.002723
0.002623
0.002623
0.002523
0.002523
0.002523
0.002323
0.002323
0.002323
0.002223
0.002223
0.002223
0.002310
0.002210
0.002110
0.002229
0.002229
0.002229
0.002229
0.002229
0.002218
0.002229
0.002218
0.002218
0.002218
0.002118
0.002118
0.002018
0.002018
0.001918
0.001818
0.001818
0.001818
0.001818
0.001718
0.001618
0.001618
0.001618
0.000900
0.000900
0.000900
0.000900
0.000800
0.000700
0.000700
0.000600
0.000300
0.000300
0.000300
0.000300
0.000300
0.000300
0.000300
0.000267
0.000267
0.000267
0.000267
0.000317
0.000317
0.000217
0.000272
0.000372
0.000272
0.000272
0.000272
0.000272
0.000172
0.000381
0.000381
0.000460
0.000460
0.000460
0.000460
0.000360
0.000360
0.000360
0.000260
0.000060
-0.000140
-0.000140
-0.000140
-0.000140
-0.000140
-0.000140
-0.000140
0.000394
0.000394
0.000294
0.000294
0.000194
0.000194
0.000194
0.000094
0.000094
-0.000106
-0.000106
-0.000106
-0.000106
-0.000106
-0.000018
-0.000018
-0.000018
0.000214
0.000214
0.000214
0.000114
0.000114
0.000114
0.000114
-0.000091
-0.000291
-0.000291
-0.000291
-0.000291
-0.000291
-0.000291
-0.000291
-0.000387
-0.000387
-0.000387
0.000081
0.000081
0.000081
0.000081
-0.000019
-0.000219
-0.000219
-0.000219
-0.000219
-0.000319
-0.000319
-0.000419
-0.000519
-0.000419
-0.000619
-0.000619
-0.000619
-0.000719
-0.000719
-0.000819
-0.000819
-0.001019
-0.001219
-0.001219
-0.001219
-0.001219
-0.001219
-0.001219
-0.001219
-0.001319
-0.001319
-0.001419
-0.001419
-0.000063
-0.000063
-0.000063
-0.000163
-0.000239
-0.000239
-0.000239
-0.000239
-0.000239
-0.000339
-0.000188
-0.000188
-0.000188
-0.000388
-0.000388
-0.000472
-0.000472
-0.000472
-0.000572
-0.000572
-0.000271
-0.000471
-0.000471
-0.000471
-0.000471
-0.000471
-0.000471
-0.000471
-0.000671
-0.000671
-0.000571
-0.000671
-0.000771
-0.000771
-0.000871
-0.000971
-0.001071
-0.001071
-0.001071
-0.000456
-0.000556
-0.000456
-0.000556
-0.000556
-0.000756
-0.000756
-0.000756
-0.000756
-0.000756
-0.000267
-0.000367
-0.000467
-0.000567
-0.000767
-0.000767
-0.000767
-0.000767
-0.000767
-0.000767
-0.000767
-0.000767
-0.000967
-0.000967
-0.000967
-0.000343
-0.000967
-0.000343
-0.000443
-0.000643
-0.000643
-0.000643
-0.000526
-0.000526
-0.000332
-0.000332
-0.000432
-0.000532
-0.000532
-0.000532
-0.000632
-0.000632
-0.000632
-0.000632
-0.000732
-0.003261
-0.003261
-0.003261
-0.003261
-0.003261
-0.003261
-0.003732
-0.003832
-0.003832
-0.003832
-0.003832
-0.003832
-0.003932
-0.003932
-0.004032
-0.004032
-0.004032
-0.004133
-0.004133
-0.004233
-0.004133
-0.004233
-0.004333
-0.004333
-0.004533
-0.004533
-0.004533
-0.004533
-0.004633
-0.004633
-0.004733
-0.004733
-0.004833
-0.004931
-0.004931
-0.004931
-0.004931
-0.004931
-0.004931
-0.004931
-0.004638
-0.004638
-0.004774
-0.004638
-0.004586
-0.004586
-0.004586
-0.004686
-0.004886
-0.004886
-0.004886
-0.004886
-0.005778
-0.005878
-0.005878
-0.006078
-0.006078
-0.006078
-0.006078
-0.006078
-0.006178
-0.006178
-0.006278
-0.006178
-0.006657
-0.006657
-0.006657
-0.006657
-0.006657
-0.006657
-0.006657
-0.006657
-0.006460
-0.006460
-0.006460
-0.006460
-0.006560
-0.006560
-0.006660
-0.006660
-0.006660
-0.006860
-0.006860
-0.006860
-0.006960
-0.005720
-0.005720
-0.005720
-0.005920
-0.005920
-0.005920
-0.005920
-0.006020
-0.006020
-0.005981
-0.006081
-0.006181
-0.006381
-0.006381
-0.006381
-0.006381
-0.006381
-0.006381
-0.006381
-0.006481
-0.006581
-0.006581
-0.006581
-0.006385
-0.006385
-0.006055
-0.006155
-0.006255
-0.006255
-0.006155
-0.006255
-0.006355
-0.006181
-0.006181
-0.006181
-0.006181
-0.005879
-0.005879
-0.005979
-0.005979
-0.005979
-0.005979
-0.006006
-0.006206
-0.006206
-0.006330
-0.006330
-0.006330
-0.006330
-0.006330
-0.006350
-0.006350
-0.006350
-0.006350
-0.006350
-0.006350
-0.006406
-0.006506
-0.006506
-0.006706
-0.006706
-0.006706
-0.006706
-0.006806
-0.006806
-0.007025
-0.006806
-0.007125
-0.007225
-0.007225
-0.007143
-0.007143
-0.007243
-0.007143
-0.007243
-0.007435
-0.007435
-0.007435
-0.007435
-0.007435
-0.007435
-0.007435
-0.007435
-0.007519
-0.007519
-0.007519
-0.006906
-0.006906
-0.006906
-0.007006
-0.007006
-0.007206
-0.007206
-0.007206
-0.007206
-0.007306
-0.006890
-0.006890
-0.006890
-0.007090
-0.007090
-0.007090
-0.007190
-0.007190
-0.007190
-0.007190
-0.007400
-0.007400
-0.007600
-0.007600
-0.007600
-0.007600
-0.007600
-0.007600
-0.007089
-0.007189
-0.007189
-0.007189
-0.007289
-0.007289
-0.007289
-0.007289
-0.007389
-0.007389
-0.007589
-0.007589
-0.007589
-0.007720
-0.007720
-0.007720
-0.007720
-0.007920
-0.007920
-0.007920
-0.007920
-0.008020
-0.008020
-0.008120
-0.008320
-0.007646
-0.007646
-0.007646
-0.007646
-0.007646
-0.007646
-0.007646
-0.007646
-0.007230
-0.007330
-0.007330
-0.007330
-0.007430
-0.007530
-0.007430
-0.007730
-0.007630
-0.007730
-0.007730
-0.007730
-0.007830
-0.007930
-0.007930
-0.008030
-0.007039
-0.007039
-0.007039
-0.007139
-0.007139
-0.007139
-0.007239
-0.007239
-0.007439
-0.007639
-0.007639
-0.007639
-0.007639
-0.007639
-0.007639
-0.007639
-0.007739
-0.007590
-0.007590
-0.007590
-0.007690
-0.007790
-0.007790
-0.007790
-0.007863
-0.007863
-0.007863
-0.007863
-0.007863
-0.007930
-0.007930
-0.007930
-0.008130
-0.008130
-0.008130
-0.008130
-0.008230
-0.008230
-0.008330
-0.008530
-0.008530
-0.008730
-0.008730
-0.008730
-0.008730
-0.008730
-0.008730
-0.008730
-0.008830
-0.008808
-0.008808
-0.008808
-0.008908
-0.008908
-0.009008
-0.009008
-0.009208
-0.009208
-0.009208
-0.009208
-0.009308
-0.009408
-0.009408
-0.009408
-0.009608
-0.009608
-0.009608
-0.009708
-0.009708
-0.009708
-0.009808
-0.009808
-0.010208
-0.010208
-0.010208
-0.010208
-0.010208
-0.010208
-0.010208
-0.010208
-0.010408
-0.010408
-0.010408
-0.010408
-0.010508
-0.010508
-0.010608
-0.010608
-0.010652
-0.010652
-0.010652
-0.010752
-0.010752
-0.010852
-0.010852
-0.010852
-0.010852
-0.011052
-0.011052
-0.011052
-0.011152
-0.011152
-0.011252
-0.011252
-0.011652
-0.011652
-0.011652
-0.011652
-0.011652
-0.011652
-0.011652
-0.011852
-0.011752
-0.011852
-0.011852
-0.011952
-0.011952
-0.011952
-0.011528
-0.011528
-0.011528
-0.011728
-0.011728
-0.011728
-0.011448
-0.011448
-0.011548
-0.011548
-0.011748
-0.011748
-0.011748
-0.011748
-0.011848
-0.011948
-0.011948
-0.011948
-0.011897
-0.011897
-0.011897
-0.011897
-0.011897
-0.011897
-0.011897
-0.012097
-0.012097
-0.012097
-0.012097
-0.012097
-0.012097
-0.012197
-0.012197
-0.012003
-0.011889
-0.011889
-0.011889
-0.011889
-0.011989
-0.012089
-0.012089
-0.012089
-0.012289
-0.012289
-0.012289
-0.012289
-0.012389
-0.012389
-0.012389
-0.012389
-0.012489
-0.013605
-0.013605
-0.013605
-0.013605
-0.013605
-0.013605
-0.013705
-0.014539
-0.014539
-0.014539
-0.014639
-0.014639
-0.014639
-0.014739
-0.014739
-0.013906
-0.013906
-0.013906
-0.014006
-0.014006
-0.014106
-0.014106
-0.014106
-0.014306
-0.014306
-0.014306
-0.014306
-0.014306
-0.014214
-0.014214
-0.014090
-0.014290
-0.014317
-0.014317
-0.014317
-0.014317
-0.014317
-0.014317
-0.014317
-0.014417
-0.014517
-0.014517
-0.014517
-0.014689
-0.014689
-0.014689
-0.014908
-0.015108
-0.015108
-0.015108
-0.015108
-0.015208
-0.015308
-0.015308
-0.015407
-0.015407
-0.015407
-0.015407
-0.015407
-0.015253
-0.015253
-0.015011
-0.015011
-0.014962
-0.015211
-0.014962
-0.014962
-0.014962
-0.014962
-0.014962
-0.015062
-0.015018
-0.015018
-0.015018
-0.015018
-0.015018
-0.014711
-0.014711
-0.014594
-0.014594
-0.014594
-0.014594
-0.014594
-0.014694
-0.014694
-0.014161
-0.014381
-0.014161
-0.014161
-0.014161
-0.014261
-0.014261
-0.014261
-0.014261
-0.014361
-0.014561
-0.014761
-0.014761
-0.014761
-0.014761
-0.014761
-0.014761
-0.014761
-0.014961
-0.014961
-0.014961
-0.014961
-0.014961
-0.015061
-0.015161
-0.015361
-0.015361
-0.015361
-0.015361
-0.015461
-0.015361
-0.015561
-0.015561
-0.015561
-0.015551
-0.015551
-0.015551
-0.015551
-0.015551
-0.015651
-0.015751
-0.015751
-0.015951
-0.016151
-0.015951
-0.016151
-0.016151
-0.016151
-0.016151
-0.016151
-0.016151
-0.016351
-0.016351
-0.016351
-0.017374
-0.017374
-0.017374
-0.017474
-0.017674
-0.017674
-0.017674
-0.017674
-0.017674
-0.017874
-0.017874
-0.018074
-0.018074
-0.018074
-0.018074
-0.018074
-0.018174
-0.018174
-0.018274
-0.018274
-0.018474
-0.018674
-0.018674
-0.018674
-0.018674
-0.018674
-0.018674
-0.018674
-0.018649
-0.018649
-0.018649
-0.018649
-0.016800
-0.016800
-0.016900
-0.017000
-0.017100
-0.017100
-0.017100
-0.017100
-0.017200
-0.017300
-0.017300
-0.017297
-0.017297
-0.017297
-0.017297
-0.017297
-0.017297
-0.017397
-0.017191
-0.017191
-0.017391
-0.017097
-0.017097
-0.017097
-0.017097
-0.017097
-0.017097
-0.017097
-0.017097
-0.016982
-0.016982
-0.016982
-0.016936
-0.016936
-0.016936
-0.017036
-0.016948
-0.016948
-0.016948
-0.016948
-0.016948
-0.017048
-0.017148
-0.017148
-0.017348
-0.017348
-0.017348
-0.017348
-0.016621
-0.016721
-0.016721
-0.016721
-0.016721
-0.016921
-0.016991
-0.016991
-0.016991
-0.016991
-0.016991
-0.016991
-0.017191
-0.017191
-0.017191
-0.017191
-0.017291
-0.017191
-0.017291
-0.017817
-0.017391
-0.017817
-0.017817
-0.017817
-0.017917
-0.018017
-0.018017
-0.018017
-0.018078
-0.018078
-0.018078
-0.018078
-0.018061
-0.018061
-0.018061
-0.018161
-0.018361
-0.018361
-0.018229
-0.018229
-0.018229
-0.018229
-0.018229
-0.018229
-0.018229
-0.017932
-0.017932
-0.017932
-0.017751
-0.017751
-0.017751
-0.017751
-0.017851
-0.018051
-0.018051
-0.018051
-0.018151
-0.018151
-0.018151
-0.018251
-0.018251
-0.018019
-0.018019
-0.018019
-0.018019
-0.018119
-0.018119
-0.018219
-0.018419
-0.018419
-0.018034
-0.018034
-0.018034
-0.018034
-0.018034
-0.018034
-0.018034
-0.017955
-0.017955
-0.017955
-0.017955
-0.017955
-0.018055
-0.018155
-0.018155
-0.018355
-0.018355
-0.018355
-0.018355
-0.017210
-0.017310
-0.017310
-0.017510
-0.017510
-0.017510
-0.017510
-0.017610
-0.017610
-0.017610
-0.017335
-0.017435
-0.017307
-0.017270
-0.017270
-0.017270
-0.017270
-0.017270
-0.017270
-0.017270
-0.017293
-0.017393
-0.017393
-0.017493
-0.017493
-0.017493
-0.017593
-0.017593
-0.017793
-0.017793
-0.017893
