-0.057487
-0.057487
-0.057587
-0.057687
-0.057687
-0.057787
-0.057687
-0.057787
-0.057887
-0.057887
-0.057887
-0.058087
-0.058087
-0.058087
-0.058087
-0.058187
-0.058287
-0.058487
-0.058387
-0.058487
-0.058687
-0.058687
-0.058687
-0.058687
-0.058687
-0.058787
-0.058887
-0.058787
-0.058887
-0.058887
-0.058987
-0.058987
-0.058987
-0.058987
-0.059187
-0.059287
-0.059287
-0.059287
-0.059287
-0.059387
-0.059487
-0.059587
-0.059587
-0.059687
-0.059687
-0.059687
-0.059787
-0.059787
-0.059787
-0.059887
-0.059887
-0.060087
-0.060287
-0.060287
-0.060287
-0.060287
-0.060287
-0.060287
-0.060487
-0.060487
-0.060487
-0.060487
-0.060587
-0.060587
-0.060587
-0.060587
-0.060687
-0.060787
-0.060887
-0.060887
-0.060987
-0.060987
-0.061087
-0.061087
-0.061187
-0.061287
-0.061287
-0.061287
-0.061387
-0.061287
-0.061487
-0.061487
-0.061687
-0.061587
-0.061687
-0.061887
-0.061887
-0.061887
-0.061887
-0.061887
-0.061887
-0.062087
-0.062087
-0.062087
-0.062087
-0.062187
-0.062187
-0.062287
-0.062287
-0.062487
-0.062487
-0.062487
-0.062487
-0.062587
-0.062687
-0.062587
-0.062687
-0.062787
-0.062887
-0.062887
-0.062987
-0.062987
-0.062987
-0.063087
-0.015695
-0.015695
-0.015695
-0.015895
-0.015895
-0.015895
-0.015895
-0.015895
-0.016095
-0.016095
-0.016095
-0.016095
-0.016195
-0.016195
-0.016195
-0.016295
-0.016295
-0.016495
-0.016495
-0.016495
-0.016595
-0.016695
-0.016595
-0.016695
-0.016895
-0.016895
-0.016895
-0.016995
-0.016895
-0.016995
-0.016995
-0.017095
-0.017295
-0.017295
-0.017295
-0.017495
-0.017495
-0.017495
-0.017495
-0.017495
-0.017495
-0.017695
-0.017695
-0.017695
-0.017695
-0.017795
-0.017795
-0.017995
-0.017995
-0.018095
-0.018095
-0.018195
-0.018095
-0.018295
-0.018295
-0.018295
-0.018495
-0.018495
-0.018495
-0.018495
-0.018595
-0.018595
-0.018595
-0.018695
-0.018695
-0.018895
-0.019095
-0.019095
-0.019095
-0.019095
-0.019095
-0.019095
-0.019295
-0.019295
-0.019295
-0.019295
-0.019295
-0.019395
-0.019495
-0.019495
-0.019595
-0.019695
-0.019695
-0.019695
-0.019795
-0.019895
-0.019895
-0.019995
-0.019895
-0.020095
-0.020095
-0.020095
-0.020095
-0.020195
-0.020295
-0.020295
-0.020495
-0.020495
-0.020695
-0.020495
-0.020695
-0.020695
-0.020695
-0.020695
-0.020795
-0.020895
-0.020895
-0.020995
-0.020895
-0.020995
-0.020995
-0.020995
-0.021295
-0.021295
-0.021295
-0.021295
-0.021495
-0.021395
-0.021495
-0.021495
-0.021595
-0.021695
-0.021695
-0.021695
-0.021695
-0.021795
-0.021895
-0.021895
-0.021995
-0.022295
-0.022295
-0.022295
-0.022295
-0.022295
-0.022295
-0.022295
-0.022295
-0.022395
-0.022495
-0.022495
-0.022595
-0.022595
-0.022595
-0.022695
-0.022795
-0.022895
-0.022895
-0.022995
-0.022895
-0.022995
-0.023095
-0.022995
-0.023195
-0.023095
-0.023295
-0.023295
-0.023295
-0.023395
-0.023395
-0.023395
-0.023495
-0.023695
-0.023895
-0.023895
-0.023895
-0.023895
-0.023895
-0.023895
-0.023995
-0.024095
-0.024095
-0.024095
-0.024095
-0.024195
-0.024195
-0.024295
-0.024495
-0.024495
-0.024495
-0.024495
-0.024595
-0.024595
-0.024595
-0.024695
-0.024795
-0.024895
-0.024895
-0.024895
-0.024995
-0.024995
-0.025095
-0.025095
-0.025095
-0.025295
-0.025295
-0.025495
-0.025495
-0.025495
-0.025495
-0.025495
-0.025595
-0.025695
-0.025695
-0.025695
-0.025795
-0.025795
-0.025895
-0.025995
-0.026095
-0.026095
-0.026095
-0.026095
-0.026095
-0.026295
-0.026295
-0.026295
-0.026495
-0.026495
-0.026495
-0.026495
-0.026595
-0.026595
-0.026595
-0.026695
-0.026695
-0.026895
-0.026895
-0.027095
-0.027095
-0.027095
-0.027095
-0.027095
-0.027295
-0.027295
-0.027295
-0.027295
-0.027395
-0.027395
-0.027495
-0.027495
-0.027695
-0.027495
-0.027695
-0.027695
-0.027695
-0.027795
-0.027895
-0.027895
-0.027895
-0.027995
-0.028095
-0.028095
-0.028095
-0.028195
-0.028195
-0.028195
-0.028295
-0.028495
-0.028695
-0.028695
-0.028695
-0.028695
-0.028695
-0.028695
-0.028695
-0.028895
-0.028895
-0.028895
-0.028995
-0.028995
-0.028995
-0.029095
-0.029195
-0.029095
-0.029295
-0.029295
-0.029295
-0.029395
-0.029495
-0.029495
-0.029495
-0.029695
-0.029695
-0.029695
-0.029695
-0.029695
-0.029795
-0.029795
-0.029895
-0.029995
-0.030095
-0.030295
-0.030295
-0.030295
-0.030295
-0.030295
-0.030295
-0.030295
-0.030495
-0.030495
-0.030495
-0.030495
-0.030595
-0.030695
-0.030695
-0.030895
-0.030895
-0.030895
-0.030895
-0.030995
-0.030895
-0.031095
-0.031095
-0.031095
-0.031295
-0.031295
-0.031395
-0.031395
-0.031395
-0.031495
-0.031595
-0.031695
-0.031695
-0.031895
-0.031895
-0.031895
-0.031895
-0.031895
-0.032095
-0.031895
-0.032095
-0.032095
-0.032195
-0.032195
-0.032195
-0.032195
-0.032195
-0.032295
-0.032395
-0.032595
-0.032595
-0.032495
-0.032595
-0.032695
-0.032695
-0.032895
-0.032895
-0.032895
-0.032895
-0.032995
-0.032995
-0.033095
-0.033095
-0.033095
-0.033295
-0.033495
-0.033495
-0.033495
-0.033495
-0.033495
-0.033495
-0.033695
-0.033695
-0.033695
-0.033695
-0.033795
-0.033795
-0.033795
-0.033895
-0.034095
-0.034095
-0.034095
-0.034095
-0.034095
-0.034295
-0.034295
-0.034295
-0.034395
-0.034495
-0.034495
-0.034495
-0.034495
-0.034595
-0.034595
-0.034595
-0.034695
-0.035095
-0.034895
-0.035095
-0.035095
-0.035095
-0.035095
-0.035195
-0.035295
-0.035295
-0.035295
-0.035295
-0.035395
-0.035395
-0.035495
-0.035495
-0.035595
-0.035695
-0.035695
-0.035795
-0.035795
-0.035895
-0.035795
-0.035895
-0.036095
-0.035995
-0.036095
-0.036095
-0.036095
-0.036195
-0.036295
-0.036295
-0.036495
-0.036495
-0.036695
-0.036695
-0.036695
-0.036695
-0.036695
-0.036695
-0.036895
-0.036895
-0.036895
-0.036895
-0.036995
-0.036995
-0.036995
-0.037095
-0.037095
-0.037295
-0.037295
-0.037295
-0.037395
-0.037295
-0.037495
-0.037495
-0.037495
-0.037695
-0.037695
-0.037695
-0.037795
-0.037795
-0.037895
-0.037895
-0.037995
-0.038295
-0.038295
-0.038295
-0.038295
-0.038295
-0.038295
-0.038295
-0.038495
-0.038495
-0.038495
-0.038495
-0.038595
-0.038595
0.005683
0.005683
0.005483
0.005483
0.005483
0.005483
0.005383
0.005383
0.005283
0.005283
0.005283
0.005083
0.005083
0.005083
0.004983
0.004983
0.004983
0.004883
0.004683
0.004683
0.004683
0.004483
0.004483
0.004483
0.004483
0.004483
0.004383
0.004283
0.004283
0.004183
0.004183
0.004183
0.004183
0.004083
0.003983
0.003883
0.003883
0.003883
0.003783
0.003683
0.003883
0.003583
0.003483
0.003483
0.003483
0.003483
0.003483
0.003383
0.003383
0.003183
0.003283
0.003083
0.002883
0.002883
0.002883
0.002883
0.002883
0.002783
0.002683
0.002683
0.002683
0.002683
0.002683
0.002583
0.002483
0.002483
0.002283
0.002283
0.002283
0.002183
0.002183
0.002083
0.002083
0.002083
0.001883
0.001883
0.001883
0.001883
0.001783
0.001783
0.001683
0.001683
0.001483
0.001483
0.001283
0.001283
0.001283
0.001283
0.001283
0.001283
0.001183
0.001083
0.001083
0.001083
0.001083
0.000983
0.000983
0.000883
0.000883
0.000683
0.000683
0.000683
0.000583
0.000483
0.000483
0.000383
0.000283
0.000283
0.000283
0.000283
0.000283
0.000183
0.000183
0.000083
-0.000117
-0.000117
-0.000317
-0.000317
-0.000317
-0.000317
-0.000317
-0.000317
-0.000517
-0.000517
-0.000517
-0.000517
-0.000517
-0.000617
-0.000617
-0.000717
-0.000717
-0.000917
-0.000917
-0.000917
-0.001017
-0.001117
-0.001117
-0.001117
-0.001117
-0.001317
-0.001317
-0.001417
-0.001417
-0.001417
-0.001517
-0.001617
-0.001717
-0.001717
-0.001917
-0.001917
-0.001917
-0.001917
-0.001917
-0.001917
-0.002017
-0.002117
-0.002117
-0.002117
-0.002217
-0.002217
-0.002217
-0.002317
-0.002517
-0.002517
-0.002517
-0.002517
-0.002617
-0.002717
-0.002717
-0.002717
-0.002817
-0.002917
-0.002917
-0.002917
-0.002917
-0.003017
-0.003017
-0.003117
-0.003317
-0.003317
-0.003517
-0.003517
-0.003517
-0.003517
-0.003517
-0.003517
-0.003617
-0.003617
-0.003717
-0.003817
-0.003717
-0.003817
-0.003817
-0.003917
-0.004117
-0.004117
-0.004117
-0.004117
-0.004117
-0.004317
-0.004317
-0.004317
-0.004517
-0.004517
-0.004517
-0.004517
-0.004617
-0.004617
-0.004717
-0.004717
-0.004717
-0.004917
-0.005117
-0.005117
-0.005117
-0.005117
-0.005117
-0.005117
-0.005317
-0.005317
-0.005317
-0.005317
-0.005417
-0.005417
-0.005517
-0.005517
-0.005617
-0.005717
-0.005717
-0.005717
-0.005717
-0.005817
-0.005917
-0.005917
-0.005917
-0.006017
-0.006117
-0.006117
-0.006117
-0.006217
-0.006317
-0.006217
-0.006417
-0.006517
-0.006717
-0.006717
-0.006717
-0.006717
-0.006717
-0.006717
-0.006717
-0.006917
-0.006917
-0.006917
-0.007017
-0.007017
-0.007117
-0.007017
-0.007317
-0.007317
-0.007317
-0.007417
-0.007417
-0.007517
-0.007517
-0.007517
-0.007617
-0.007717
-0.007717
-0.007717
-0.007717
-0.007817
-0.007917
-0.007917
-0.007917
-0.008117
-0.008317
-0.008317
-0.008317
-0.008317
-0.008317
-0.008317
-0.008317
-0.008317
-0.008517
-0.008517
-0.008617
-0.008617
-0.008617
-0.008717
-0.008917
-0.008817
-0.008917
-0.008917
-0.008917
-0.009017
-0.009117
-0.009117
-0.009317
-0.009317
-0.009317
-0.009317
-0.009417
-0.009417
-0.009417
-0.009417
-0.009617
-0.009717
-0.009917
-0.009917
-0.009917
-0.009917
-0.009917
-0.009917
-0.010117
-0.010117
-0.010117
-0.010217
-0.010117
-0.010217
-0.010217
-0.010317
-0.010317
-0.010517
-0.010517
-0.010617
-0.010617
-0.010717
-0.010717
-0.010717
-0.010717
-0.010917
-0.010917
-0.010917
-0.011017
-0.011017
-0.011017
-0.011017
-0.011317
-0.011317
-0.011517
-0.011317
-0.011517
-0.011517
-0.011517
-0.011517
-0.011617
-0.011717
-0.011717
-0.011717
-0.011817
-0.011917
-0.011817
-0.011917
-0.012017
-0.011917
-0.012117
-0.012117
-0.012217
-0.012117
-0.012317
-0.012417
-0.012517
-0.012517
-0.012517
-0.012517
-0.012517
-0.012617
-0.012717
-0.012817
-0.012917
-0.012917
-0.013117
-0.012917
-0.013117
-0.013117
-0.013117
-0.013117
-0.013217
-0.013317
-0.013317
-0.013317
-0.013417
-0.013417
-0.013417
-0.013617
-0.013617
-0.013717
-0.013717
-0.013817
-0.013717
-0.013817
-0.013917
-0.014117
-0.014117
-0.014117
-0.014117
-0.014117
-0.014217
-0.014217
-0.014217
-0.014417
-0.014317
-0.014517
-0.014717
-0.014717
-0.014717
-0.014717
-0.014717
-0.014717
-0.014717
-0.014917
-0.014917
-0.014917
-0.014917
-0.015017
-0.015117
-0.015117
-0.015317
-0.015317
-0.015317
-0.015417
-0.015417
-0.015417
-0.015517
-0.015517
-0.015617
-0.015617
-0.015717
-0.015717
-0.015817
-0.015817
-0.015917
-0.015917
-0.016117
-0.016317
-0.016117
-0.016317
-0.016317
-0.016317
-0.016317
-0.016317
-0.016417
-0.016517
-0.016517
-0.016517
-0.016617
-0.016617
-0.016617
-0.016717
-0.016717
-0.016817
-0.016917
-0.016917
-0.016917
-0.016917
-0.017117
-0.017117
-0.017217
-0.017117
-0.017317
-0.017317
-0.017317
-0.017417
-0.017517
-0.017517
-0.017617
-0.017717
-0.017717
-0.017917
-0.017917
-0.017917
-0.017917
-0.017917
-0.018017
-0.018117
-0.018117
-0.018117
-0.018217
-0.018217
-0.018217
-0.018317
-0.018417
-0.018517
-0.018517
-0.018517
-0.018517
-0.018617
-0.018717
-0.018717
-0.018717
-0.018917
-0.018917
-0.018917
-0.019017
-0.019017
-0.019017
-0.019117
-0.019217
-0.019517
-0.019317
-0.019517
-0.019517
-0.019517
-0.019517
-0.019517
-0.019617
-0.019717
-0.019717
-0.019717
-0.019717
0.020802
0.020802
0.020702
0.020702
0.020502
0.020502
0.020502
0.020402
0.020302
0.020302
0.020302
0.020302
0.020102
0.020102
0.020102
0.020002
0.020102
0.019902
0.019902
0.019902
0.019702
0.019502
0.019502
0.019502
0.019502
0.019502
0.019502
0.019402
0.019302
0.019302
0.019302
0.019202
0.019202
0.019202
0.019002
0.018902
0.018902
0.018902
0.018902
0.018902
0.018802
0.018702
0.018702
0.018602
0.018502
0.018502
0.018502
0.018402
0.018402
0.018402
0.018302
0.018202
0.018102
0.017902
0.017902
0.017902
0.017902
0.017902
0.017902
0.017702
0.017702
0.017702
0.017602
0.017602
0.017602
0.017602
0.017502
0.017302
0.017302
0.017302
0.017302
0.017202
0.017202
0.017102
0.017102
0.017102
0.016902
0.016902
0.016802
0.016802
0.016802
0.016802
0.016702
0.016502
0.016502
0.016302
0.016302
0.016302
0.016302
0.016302
0.016202
0.016202
0.016102
0.016102
0.016102
0.016102
0.015902
0.016002
0.016002
0.015802
0.015702
0.015702
0.015702
0.015702
0.015602
0.015502
0.015502
0.015302
0.015302
0.015302
0.015302
0.015202
0.015302
0.015202
0.015102
0.014902
0.014702
0.014702
0.014702
0.014702
0.014702
0.014702
0.014702
0.014602
0.014502
0.014502
0.014502
0.014402
0.014402
0.014402
0.014402
0.014102
0.014102
0.014102
0.014102
0.014102
0.013902
0.014002
0.013902
0.013902
0.013702
0.013702
0.013702
0.013602
0.013602
0.013502
0.013502
0.013502
0.013302
0.013102
0.013102
0.013102
0.013102
0.013102
0.012902
0.012902
0.012902
0.012902
0.012902
0.012802
0.012802
0.012602
0.012602
0.012502
0.012502
0.012502
0.012302
0.012302
0.012402
0.012302
0.012302
0.012102
0.012102
0.012102
0.012102
0.012102
0.012002
0.012002
0.011902
0.011802
0.011702
0.011502
0.011502
0.011502
0.011502
0.011502
0.011502
0.011302
0.011302
0.011302
0.011302
0.011302
0.011202
0.011102
0.011102
0.011102
0.010902
0.010902
0.010902
0.010902
0.010802
0.010702
0.010602
0.010502
0.010502
0.010502
0.010502
0.010502
0.010402
0.010302
0.010302
0.010102
0.010202
0.010102
0.009902
0.009902
0.009902
0.009902
0.009902
0.009902
0.009702
0.009702
0.009702
0.009702
0.009602
0.009602
0.009502
0.009302
0.009302
0.009302
0.009302
0.009302
0.009202
0.009102
0.009102
0.009102
0.009002
0.008902
0.008902
0.008802
0.008802
0.008702
0.008602
0.008502
0.008502
0.008302
0.008302
0.008302
0.008302
0.008302
0.008302
0.008102
0.008102
0.008102
0.008102
0.008002
0.008002
0.008002
0.007802
0.007702
0.007702
0.007702
0.007702
0.007702
0.007602
0.007502
0.007502
0.007502
0.007302
0.007302
0.007302
0.007302
0.007202
0.007202
0.007102
0.006902
0.006902
0.006702
0.006702
0.006702
0.006702
0.006702
0.006602
0.006602
0.006502
0.006502
0.006502
0.006402
0.006402
0.006302
0.006302
0.006302
0.006102
0.006102
0.006102
0.006002
0.006002
0.005902
0.005902
0.005802
0.005702
0.005702
0.005702
0.005702
0.005602
0.005502
0.005502
0.005502
0.005302
0.005102
0.005102
0.005102
0.005102
0.005102
0.005102
0.005102
0.004902
0.004902
0.004902
0.004902
0.004802
0.004702
0.004702
0.004502
0.004502
0.004502
0.004502
0.004402
0.004402
0.004302
0.004302
0.004202
0.004102
0.004102
0.004102
0.004002
0.004002
0.003902
0.003902
0.003802
0.003702
0.003502
0.003502
0.003502
0.003502
0.003502
0.003502
0.003302
0.003302
0.003302
0.003302
0.003202
0.003202
0.003202
0.003202
0.003202
0.003002
0.002902
0.002902
0.002902
0.002802
0.002702
0.002702
0.002602
0.002502
0.002502
0.002502
0.002502
0.002402
0.002302
0.002302
0.002102
0.002102
0.001902
0.001902
0.001902
0.001902
0.001902
0.001902
0.001902
0.001702
0.001702
0.001702
0.001702
0.001702
0.001602
0.001502
0.001302
0.001302
0.001302
0.001302
0.001302
0.001202
0.001102
0.001102
0.000902
0.000902
0.000902
0.000902
0.000902
0.000802
0.000802
0.000702
0.000602
0.000502
0.000302
0.000302
0.000302
0.000302
0.000302
0.000202
0.000102
0.000102
0.000102
0.000102
0.000102
0.000002
-0.000098
-0.000098
-0.000098
-0.000298
-0.000298
-0.000298
-0.000298
-0.000398
-0.000498
-0.000498
-0.000498
-0.000698
-0.000698
-0.000698
-0.000698
-0.000698
-0.000798
-0.000898
-0.000898
-0.001098
-0.001298
-0.001298
-0.001298
-0.001298
-0.001298
-0.001298
-0.001298
-0.001498
-0.001498
-0.001598
-0.001598
-0.001598
-0.001598
-0.001698
-0.001698
-0.001898
-0.001898
-0.001898
-0.001998
-0.002098
-0.002098
-0.002098
-0.002098
-0.002298
-0.002298
-0.002298
-0.002398
-0.002398
-0.002398
-0.002498
-0.002598
-0.002698
-0.002898
-0.002898
-0.002898
-0.002898
-0.002898
-0.002898
-0.003098
-0.003098
-0.003098
-0.003098
-0.003198
-0.003198
-0.003198
-0.003298
-0.003498
-0.003398
-0.003498
-0.003498
-0.003498
-0.003598
-0.003598
-0.003698
-0.003798
-0.003898
-0.003898
-0.003898
-0.003998
-0.003998
-0.003998
-0.004098
-0.004198
-0.004298
-0.004498
-0.004498
-0.004498
-0.004498
-0.004498
-0.004498
-0.004498
0.031191
0.031191
0.031191
0.031191
0.031091
0.031091
0.031091
0.030991
0.030791
0.030791
0.030791
0.030791
0.030691
0.030591
0.030591
0.030591
0.030391
0.030391
0.030391
0.030291
0.030291
0.030291
0.030191
0.030191
0.029791
0.029791
0.029791
0.029791
0.029791
0.029791
0.029791
0.029791
0.029591
0.029591
0.029591
0.029491
0.029491
0.029491
0.029391
0.029391
0.029191
0.029191
0.029191
0.029091
0.029191
0.028991
0.028991
0.028991
0.028791
0.028791
0.028791
0.028791
0.028691
0.028591
0.028591
0.028591
0.028591
0.028191
0.028191
0.028191
0.028191
0.028191
0.027991
0.027991
0.027991
0.027991
0.027991
0.027991
0.027891
0.027891
0.027791
0.027791
0.027591
0.027591
0.027591
0.027591
0.027491
0.027391
0.027391
0.027191
0.027191
0.027191
0.027191
0.027191
0.027091
0.027091
0.026991
0.026991
0.026591
0.026591
0.026591
0.026591
0.026591
0.026591
0.026591
0.026391
0.026391
0.026391
0.026391
0.026291
0.026291
0.026191
0.026191
0.026191
0.025991
0.025991
0.025991
0.025891
0.025891
0.025791
0.025791
0.025591
0.025591
0.025591
0.025591
0.025491
0.025491
0.025491
0.025391
0.025291
0.024991
0.024991
0.024991
0.024991
0.024991
0.024991
0.024991
0.024991
0.024791
0.024791
0.024791
0.024791
0.024691
0.024691
0.024591
0.024491
0.024391
0.024391
0.024391
0.024391
0.024191
0.024191
0.024191
0.023991
0.023991
0.023991
0.023891
0.023991
0.023991
0.023891
0.023791
0.023791
0.023591
0.023391
0.023391
0.023391
0.023391
0.023391
0.023391
0.023191
0.023191
0.023191
0.023191
0.023091
0.023091
0.022991
0.022991
0.022891
0.022791
0.022791
0.022791
0.022691
0.022691
0.022591
0.022591
0.022591
0.022391
0.022391
0.022391
0.022391
0.022291
0.022291
0.022191
0.021991
0.021991
0.021991
0.021991
0.021791
0.021791
0.021791
0.021791
0.021791
0.021591
0.021591
0.021491
0.021491
0.021591
0.021391
0.021391
0.021391
0.021191
0.021191
0.021191
0.021191
0.021091
0.020991
0.020891
0.020791
0.020791
0.020791
0.020791
0.020691
0.020691
0.020691
0.020591
0.020691
0.020191
0.020191
0.020191
0.020191
0.020191
0.020191
0.020191
0.020191
0.019991
0.019991
0.019991
0.019891
0.019891
0.019891
0.019791
0.019791
0.019791
0.019591
0.019591
0.019491
0.019491
0.019391
0.019391
0.019391
0.019191
0.019191
0.019191
0.019091
0.019091
0.019091
0.019091
0.018791
0.018791
0.018591
0.018591
0.018591
0.018591
0.018591
0.018591
0.018591
0.018391
0.018391
0.018391
0.018391
0.018291
0.018291
0.018191
0.018091
0.017991
0.017991
0.017991
0.017991
0.017891
0.017791
0.017791
0.017791
0.017591
0.017591
0.017591
0.017491
0.017491
0.017491
0.017391
0.017391
0.017291
0.016991
0.016991
0.016991
0.016991
0.016991
0.016991
0.016991
0.016791
0.016791
0.016791
0.016791
0.016691
0.016691
0.016591
0.016491
0.016391
0.016391
0.016391
0.016291
0.016291
0.016191
0.016191
0.015991
0.015991
0.015991
0.015991
0.015891
0.015891
0.015891
0.015791
0.015791
0.015591
0.015391
0.015391
0.015391
0.015391
0.015391
0.015391
0.015191
0.015291
0.015191
0.015191
0.015091
0.015091
0.015091
0.014991
0.014791
0.014791
0.014791
0.014791
0.014691
0.014691
0.014591
0.014591
0.014591
0.014391
0.014391
0.014391
0.014391
0.014291
0.014191
0.014091
0.014191
0.013991
0.013991
0.013791
0.013791
0.013791
0.013791
0.013791
0.013691
0.013591
0.013591
0.013591
0.013591
0.013491
0.013491
0.013391
0.013391
0.013291
0.013191
0.013191
0.013191
0.012991
0.012991
0.012991
0.012791
0.012891
0.012791
0.012791
0.012691
0.012691
0.012691
0.012691
0.012491
0.012391
0.012391
0.012191
0.012191
0.012191
0.012191
0.012191
0.011991
0.011991
0.011991
0.011991
0.011991
0.011891
0.011791
0.011791
0.011591
0.011591
0.011591
0.011591
0.011491
0.011491
0.011391
0.011391
0.011291
0.011191
0.011191
0.011191
0.011091
0.011091
0.011091
0.010991
0.010891
0.010791
0.010591
0.010591
0.010591
0.010591
0.010591
0.010591
0.010391
0.010391
0.010391
0.010391
0.010291
0.010291
0.010291
0.010291
0.010191
0.009991
0.009991
0.009891
0.009891
0.009891
0.009791
0.009791
0.009591
0.009591
0.009591
0.009591
0.009491
0.009491
0.009391
0.009391
0.009391
0.009291
0.008991
0.008991
0.008991
0.008991
0.008991
0.008991
0.008991
0.008791
0.008791
0.008791
0.008791
0.008691
0.008691
0.008591
0.008591
0.008491
0.008391
0.008391
0.008391
0.008291
0.008191
0.008191
0.008191
0.007991
0.007991
0.007991
0.007891
0.007891
0.007891
0.007891
0.007591
0.007591
0.007391
0.007391
0.007391
0.007391
0.007391
0.007391
0.007291
0.007191
0.007191
0.007191
0.007091
0.007091
0.007091
0.007091
0.006891
0.006891
0.006791
0.006791
0.006791
0.006791
0.006591
0.006591
0.006591
0.006391
0.006391
0.006391
0.006391
0.006291
0.006291
0.006191
0.005991
0.005991
0.005991
0.005791
0.005791
0.005791
0.005791
0.005791
0.005791
0.005691
0.005591
0.005491
0.005591
0.005491
0.005391
0.005391
0.037005
0.037005
0.037005
0.037005
0.036905
0.036805
0.036905
0.036805
0.036805
0.036605
0.036605
0.036605
0.036605
0.036505
0.036505
0.036405
0.036205
0.036205
0.036005
0.036005
0.036005
0.036005
0.036005
0.036005
0.035905
0.035805
0.035805
0.035805
0.035705
0.035705
0.035705
0.035605
0.035405
0.035405
0.035405
0.035405
0.035405
0.035305
0.035205
0.035205
0.035205
0.035005
0.035005
0.035005
0.035005
0.034905
0.034905
0.034805
0.034805
0.034605
0.034405
0.034405
0.034405
0.034405
0.034405
0.034405
0.034305
0.034205
0.034205
0.034205
0.034205
0.034105
0.034105
0.034005
0.034005
0.033805
0.033805
0.033805
0.033705
0.033605
0.033705
0.033605
0.033505
0.033405
0.033405
0.033405
0.033405
0.033305
0.033305
0.033205
0.033205
0.033205
0.032805
0.032805
0.032805
0.032805
0.032805
0.032805
0.032805
0.032605
0.032605
0.032605
0.032505
0.032505
0.032505
0.032405
0.032405
0.032205
0.032205
0.032205
0.032105
0.032105
0.032005
0.032005
0.031805
0.031805
0.031805
0.031805
0.031705
0.031705
0.031705
0.031705
0.031505
0.031405
0.031205
0.031205
0.031205
0.031205
0.031205
0.031205
0.031105
0.031005
0.031005
0.031005
0.030905
0.030905
0.030905
0.030705
0.030705
0.030605
0.030605
0.030605
0.030505
0.030505
0.030405
0.030405
0.030405
0.030205
0.030205
0.030205
0.030205
0.030105
0.030105
0.030005
0.030005
0.029605
0.029605
0.029605
0.029605
0.029605
0.029605
0.029605
0.029605
0.029405
0.029405
0.029405
0.029305
0.029405
0.029205
0.029205
0.029005
0.029005
0.029005
0.029005
0.029005
0.029005
0.028805
0.028805
0.028805
0.028605
0.028605
0.028605
0.028505
0.028505
0.028505
0.028405
0.028405
0.028205
0.028205
0.028005
0.028005
0.028005
0.028005
0.028005
0.027905
0.027805
0.027805
0.027805
0.027805
0.027705
0.027705
0.027605
0.027405
0.027505
0.027405
0.027405
0.027305
0.027205
0.027205
0.027205
0.027205
0.027205
0.027105
0.027005
0.027005
0.026905
0.026905
0.026905
0.026805
0.026605
0.026405
0.026405
0.026405
0.026405
0.026405
0.026405
0.026305
0.026205
0.026205
0.026205
0.026105
0.026105
0.026105
0.026105
0.026005
0.025905
0.025805
0.025805
0.025705
0.025805
0.025705
0.025605
0.025505
0.025405
0.025405
0.025405
0.025405
0.025305
0.025305
0.025305
0.025105
0.025105
0.025005
0.024805
0.024805
0.024805
0.024805
0.024805
0.024805
0.024605
0.024605
0.024605
0.024605
0.024505
0.024505
0.024405
0.024205
0.024205
0.024205
0.024205
0.024205
0.024105
0.024105
0.024005
0.023805
0.024005
0.023805
0.023805
0.023705
0.023705
0.023605
0.023705
0.023505
0.023405
0.023205
0.023205
0.023205
0.023205
0.023205
0.023005
0.023205
0.023005
0.023005
0.022905
0.023005
0.022905
0.022805
0.022805
0.022705
0.022605
0.022605
0.022605
0.022505
0.022505
0.022505
0.022405
0.022305
0.022205
0.022205
0.022205
0.022105
0.022105
0.022105
0.022105
0.022005
0.022005
0.021605
0.021605
0.021605
0.021605
0.021605
0.021605
0.021605
0.021405
0.021405
0.021405
0.021405
0.021305
0.021305
0.021305
0.021205
0.021005
0.021005
0.021005
0.021005
0.020905
0.020805
0.020805
0.020805
0.020805
0.020605
0.020605
0.020605
0.020505
0.020505
0.020405
0.020405
0.020305
0.020205
0.020005
0.020005
0.020005
0.020005
0.020005
0.020005
0.020005
0.019805
0.019805
0.019805
0.019805
0.019705
0.019705
0.019605
0.019405
0.019405
0.019405
0.019405
0.019305
0.019305
0.019305
0.019205
0.019005
0.019005
0.019005
0.019005
0.018905
0.018905
0.018905
0.018805
0.018605
0.018605
0.018405
0.018405
0.018405
0.018405
0.018405
0.018405
0.018405
0.018205
0.018205
0.018205
0.018105
0.018105
0.018105
0.018005
0.018005
0.017805
0.017805
0.017805
0.017705
0.017605
0.017605
0.017605
0.017605
0.017405
0.017405
0.017405
0.017405
0.017305
0.017305
0.017205
0.017205
0.016805
0.016805
0.016805
0.016805
0.016805
0.016805
0.016805
0.016705
0.016605
0.016605
0.016605
0.016505
0.016505
0.016405
0.016405
0.016305
0.016205
0.016205
0.016205
0.016105
0.016005
0.016005
0.015905
0.016005
0.015805
0.015805
0.015805
0.015705
0.015705
0.015705
0.015705
0.015605
0.015405
0.015205
0.015205
0.015205
0.015205
0.015205
0.015205
0.015105
0.015005
0.015005
0.015005
0.015005
0.014905
0.014905
0.014805
0.014805
0.014605
0.014605
0.014605
0.014505
0.014405
0.014405
0.014405
0.014205
0.014205
0.014205
0.014205
0.014205
0.014105
0.014005
0.014005
0.013805
0.013805
0.013605
0.013605
0.013605
0.013605
0.013605
0.013605
0.013505
0.013405
0.013405
0.013405
0.013405
0.013305
0.013305
0.013205
0.013205
0.013105
0.013005
0.013005
0.013005
0.012905
0.012805
0.012805
0.012805
0.012805
0.012605
0.012605
0.012605
0.012505
0.012505
0.012405
0.012205
0.012205
0.012205
0.012005
0.012005
0.012005
0.012005
0.012005
0.011905
0.011805
0.011805
0.011805
0.011805
0.039763
0.039763
0.039763
0.039463
0.039463
0.039463
0.039463
0.039363
0.039463
0.039363
0.039063
0.039063
0.039063
0.039063
0.039063
0.039063
0.038963
0.038963
0.038863
0.038863
0.038463
0.038663
0.038463
0.038463
0.038463
0.038463
0.038463
0.038463
0.038263
0.038263
0.038263
0.038263
0.038163
0.038163
0.038063
0.038063
0.037863
0.037863
0.037863
0.037863
0.037763
0.037663
0.037663
0.037563
0.037463
0.037463
0.037463
0.037463
0.037363
0.037363
0.037263
0.037263
0.037163
0.036863
0.036863
0.036863
0.036863
0.036863
0.036863
0.036763
0.036663
0.036663
0.036663
0.036563
0.036563
0.036563
0.036463
0.036263
0.036263
0.036263
0.036263
0.036263
0.036163
0.036063
0.035963
0.036063
0.036063
0.035863
0.035863
0.035863
0.035763
0.035763
0.035663
0.035563
0.035463
0.035263
0.035263
0.035263
0.035263
0.035263
0.035263
0.035263
0.035163
0.035063
0.035063
0.035063
0.034963
0.034863
0.034863
0.034863
0.034663
0.034663
0.034663
0.034563
0.034563
0.034563
0.034463
0.034363
0.034263
0.034263
0.034263
0.034263
0.034163
0.034063
0.034063
0.034063
0.033863
0.033863
0.033663
0.033663
0.033663
0.033663
0.033663
0.033663
0.033563
0.033463
0.033463
0.033363
0.033463
0.033363
0.033263
0.033263
0.033063
0.033063
0.033063
0.033063
0.032963
0.032863
0.032963
0.032863
0.032663
0.032663
0.032663
0.032663
0.032663
0.032563
0.032463
0.032463
0.032263
0.032063
0.032063
0.032063
0.032063
0.032063
0.032063
0.031963
0.031863
0.031863
0.031863
0.031763
0.031763
0.031763
0.031563
0.031763
0.031463
0.031463
0.031463
0.031363
0.031263
0.031263
0.031263
0.031063
0.031063
0.031063
0.031063
0.030963
0.030963
0.030963
0.030863
0.030863
0.030663
0.030463
0.030463
0.030463
0.030463
0.030463
0.030463
0.030263
0.030263
0.030263
0.030263
0.030163
0.030163
0.030063
0.030063
0.029863
0.029963
0.029863
0.029863
0.029763
0.029763
0.029663
0.029663
0.029663
0.029463
0.029463
0.029463
0.029363
0.029363
0.029463
0.029263
0.029063
0.029163
0.028863
0.028863
0.028863
0.028863
0.028863
0.028863
0.028863
0.028863
0.028663
0.028663
0.028663
0.028563
0.028463
0.028563
0.028463
0.028263
0.028263
0.028263
0.028263
0.028163
0.028063
0.028063
0.028063
0.027863
0.027863
0.027863
0.027863
0.027763
0.027763
0.027663
0.027663
0.027463
0.027463
0.027263
0.027263
0.027263
0.027263
0.027263
0.027263
0.027063
0.027063
0.027063
0.026963
0.026963
0.026963
0.026863
0.026763
0.026663
0.026663
0.026663
0.026563
0.026563
0.026463
0.026463
0.026463
0.026263
0.026263
0.026263
0.026263
0.026163
0.026163
0.026063
0.026063
0.025863
0.025663
0.025663
0.025663
0.025663
0.025663
0.025663
0.025663
0.025463
0.025463
0.025463
0.025463
0.025363
0.025363
0.025263
0.025363
0.025063
0.025063
0.025063
0.024963
0.024963
0.024963
0.024863
0.024763
0.024663
0.024663
0.024663
0.024563
0.024563
0.024463
0.024463
0.024463
0.024263
0.024063
0.024263
0.024063
0.024063
0.024063
0.024063
0.023863
0.023963
0.023863
0.023863
0.023763
0.023763
0.023663
0.023663
0.023463
0.023463
0.023463
0.023463
0.023363
0.023263
0.023263
0.023263
0.023063
0.023063
0.023063
0.023063
0.023063
0.022963
0.022863
0.022863
0.022463
0.022663
0.022463
0.022463
0.022463
0.022463
0.022463
0.022463
0.022463
0.022363
0.022263
0.022263
0.022163
0.022263
0.022163
0.022063
0.021863
0.021863
0.021863
0.021863
0.021863
0.021863
0.021663
0.021663
0.021463
0.021463
0.021463
0.021463
0.021463
0.021363
0.021263
0.021363
0.021063
0.021063
0.020863
0.020863
0.020863
0.020863
0.020863
0.020863
0.020763
0.020663
0.020663
0.020663
0.020663
0.020563
0.020563
0.020563
0.020463
0.020263
0.020263
0.020263
0.020263
0.020163
0.020063
0.020063
0.019963
0.019863
0.019863
0.019863
0.019863
0.019763
0.019763
0.019663
0.019563
0.019263
0.019263
0.019263
0.019263
0.019263
0.019263
0.019263
0.019163
0.019063
0.019063
0.019063
0.018963
0.018963
0.018963
0.018963
0.018763
0.018663
0.018663
0.018663
0.018663
0.018563
0.018463
0.018463
0.018363
0.018263
0.018263
0.018263
0.018263
0.018163
0.018163
0.017963
0.018063
0.017863
0.017863
0.017663
0.017663
0.017663
0.017663
0.017663
0.017563
0.017463
0.017463
0.017463
0.017463
0.017363
0.017363
0.017263
0.017263
0.017063
0.017063
0.017063
0.017063
0.016963
0.016863
0.016863
0.016763
0.016663
0.016663
0.016663
0.016663
0.016663
0.016563
0.016463
0.016463
0.016263
0.016263
0.016063
0.016063
0.016063
0.016063
0.016063
0.016063
0.015963
0.015863
0.015863
0.015863
0.015763
0.015763
0.015763
0.015663
0.015563
0.015463
0.015463
0.015463
0.015363
0.015363
0.015263
0.015263
0.015163
0.015063
0.015063
0.015063
0.014963
0.014963
0.014863
0.014863
0.014663
0.014463
0.014463
0.014463
0.014463
0.014463
0.014463
0.014463
0.014263
0.014263
0.014263
0.014163
0.014163
0.014163
0.014163
0.014063
0.014063
0.013863
0.013863
0.013863
0.013763
0.013763
0.013663
0.013663
0.013663
0.013463
0.013463
0.013463
0.013363
0.013363
0.013263
0.013263
0.013063
0.013063
0.012863
0.012863
0.012863
0.012863
0.012863
0.012863
0.036457
0.036457
0.036457
0.036357
0.036357
0.036357
0.036257
0.036057
0.036057
0.036057
0.036057
0.036057
0.036057
0.035857
0.035857
0.035657
0.035657
0.035657
0.035657
0.035557
0.035557
0.035557
0.035457
0.035457
0.035257
0.035057
0.035057
0.035057
0.035057
0.035057
0.035057
0.035057
0.035057
0.035057
0.034857
0.034857
0.034757
0.034757
0.034757
0.034657
0.034457
0.034457
0.034457
0.034457
0.034357
0.034357
0.034257
0.034157
0.034057
0.034057
0.034057
0.034057
0.033957
0.033957
0.033857
0.033657
0.033857
0.033657
0.033457
0.033457
0.033457
0.033457
0.033457
0.033457
0.033257
0.033257
0.033257
0.033257
0.033157
0.033157
0.033057
0.033057
0.032857
0.032857
0.032857
0.032857
0.032657
0.032657
0.032657
0.032657
0.032457
0.032457
0.032457
0.032457
0.032357
0.032357
0.032257
0.032157
0.031857
0.032057
0.031857
0.031857
0.031857
0.031857
0.031857
0.031857
0.031657
0.031657
0.031657
0.031657
0.031557
0.031557
0.031557
0.031457
0.031257
0.031257
0.031257
0.031257
0.031057
0.031057
0.031057
0.030957
0.031057
0.030857
0.030857
0.030757
0.030757
0.030757
0.030757
0.030657
0.030457
0.030257
0.030457
0.030257
0.030257
0.030257
0.030257
0.030257
0.030057
0.030057
0.030057
0.030057
0.029957
0.029957
0.029857
0.029857
0.029857
0.029657
0.029657
0.029657
0.029657
0.029557
0.029457
0.029257
0.029257
0.029257
0.029257
0.029257
0.029157
0.029057
0.029157
0.028957
0.028957
0.028857
0.028657
0.028657
0.028657
0.028657
0.028657
0.028657
0.028457
0.028457
0.028457
0.028457
0.028457
0.028257
0.028257
0.028057
0.028057
0.028057
0.028057
0.028057
0.027957
0.027957
0.027857
0.027857
0.027657
0.027657
0.027657
0.027657
0.027557
0.027557
0.027557
0.027357
0.027357
0.027057
0.027057
0.027057
0.027057
0.027057
0.027057
0.026957
0.026857
0.026857
0.026857
0.026757
0.026757
0.026757
0.026757
0.026657
0.026457
0.026457
0.026457
0.026457
0.026457
0.026357
0.026257
0.026057
0.026157
0.026057
0.026057
0.026057
0.026057
0.025957
0.025857
0.025857
0.025857
0.025657
0.025457
0.025457
0.025457
0.025457
0.025457
0.025457
0.025357
0.025257
0.025257
0.025157
0.025157
0.025157
0.025057
0.024857
0.024857
0.024857
0.024857
0.024857
0.024757
0.024657
0.024657
0.024557
0.024557
0.024457
0.024457
0.024457
0.024357
0.024357
0.024357
0.024257
0.024157
0.024257
0.023857
0.023857
0.023857
0.023857
0.023857
0.023857
0.023657
0.023657
0.023757
0.023557
0.023557
0.023557
0.023557
0.023257
0.023257
0.023257
0.023257
0.023257
0.023157
0.023057
0.023057
0.023057
0.022857
0.022857
0.022857
0.022857
0.022757
0.022757
0.022757
0.022657
0.022557
0.022457
0.022257
0.022257
0.022257
0.022257
0.022157
0.022257
0.022057
0.022057
0.022057
0.022057
0.022057
0.021957
0.021957
0.021957
0.021657
0.021657
0.021657
0.021657
0.021657
0.021457
0.021457
0.021457
0.021457
0.021357
0.021457
0.021257
0.021257
0.021157
0.021057
0.021157
0.021057
0.020957
0.020657
0.020657
0.020657
0.020657
0.020657
0.020657
0.020557
0.020457
0.020457
0.020457
0.020457
0.020357
0.020357
0.020257
0.020257
0.020057
0.020057
0.020057
0.020057
0.019857
0.019957
0.019857
0.019857
0.019857
0.019657
0.019657
0.019657
0.019557
0.019557
0.019457
0.019457
0.019357
0.019057
0.019057
0.019057
0.019057
0.019057
0.019057
0.019057
0.018857
0.018857
0.018857
0.018857
0.018757
0.018757
0.018757
0.018557
0.018457
0.018457
0.018457
0.018457
0.018357
0.018257
0.018257
0.018157
0.018057
0.018057
0.018057
0.018057
0.017957
0.017957
0.017857
0.017857
0.017657
0.017657
0.017457
0.017457
0.017457
0.017457
0.017457
0.017457
0.017257
0.017257
0.017257
0.017257
0.017157
0.017157
0.017157
0.016857
0.017157
0.016857
0.016857
0.016857
0.016757
0.016757
0.016657
0.016657
0.016457
0.016457
0.016457
0.016457
0.016357
0.016357
0.016257
0.016257
0.016157
0.015857
0.015857
0.015857
0.015857
0.015857
0.015857
0.015857
0.015757
0.015657
0.015657
0.015657
0.015657
0.015557
0.015457
0.015357
0.015257
0.015257
0.015257
0.015357
0.015257
0.015057
0.015157
0.015057
0.015057
0.014857
0.014857
0.014757
0.014757
0.014757
0.014657
0.014457
0.014457
0.014257
0.014257
0.014257
0.014257
0.014257
0.014257
0.014257
0.014157
0.014057
0.014057
0.014057
0.013957
0.013957
0.013957
0.013857
0.013657
0.013657
0.013657
0.013657
0.013557
0.013557
0.013457
0.013457
0.013457
0.013257
0.013257
0.013257
0.013157
0.013157
0.013157
0.013057
0.012857
0.012857
0.012657
0.012657
0.012657
0.012657
0.012657
0.012657
0.012557
0.012457
0.012457
0.012357
0.012357
0.012357
0.012257
0.012257
0.012057
0.012057
0.012057
0.011957
0.011957
0.011957
0.011857
0.011857
0.011857
0.011657
0.011657
0.011657
0.011657
0.011557
0.011557
0.011357
0.011257
0.011057
0.011057
0.011057
0.011057
0.011057
0.011057
0.011057
0.011057
0.011057
0.010857
0.010857
0.010757
0.010757
0.010757
0.010557
0.010457
0.010457
0.010457
0.010457
0.010457
0.010357
0.010257
0.010257
0.010057
0.010057
0.010057
0.010057
0.009957
0.009957
0.009857
0.009857
0.009657
0.009657
0.009457
0.009457
0.009457
0.009457
0.009457
0.009357
0.009357
0.009257
0.009257
0.009257
0.009157
0.009157
0.009157
0.009057
0.008857
0.008857
0.008857
0.008857
0.008857
0.008757
0.008657
0.008657
0.008657
0.008457
0.008457
0.008357
0.008357
0.008357
0.008257
0.008057
0.008057
0.007857
0.007857
0.007857
0.007857
0.007857
0.007857
0.007857
0.007657
0.007657
0.007657
0.007557
0.007557
0.007557
0.007457
0.007457
0.007257
0.007257
0.007257
0.007257
0.007157
0.007057
0.007057
0.007057
0.006857
0.006857
0.006857
0.006857
0.006757
0.006757
0.006657
0.006657
0.006657
0.006257
0.006257
0.006257
0.006257
0.006257
0.006257
0.006157
0.006057
0.006057
0.006057
0.006057
0.006057
0.005957
0.005857
0.005857
0.031288
0.031288
0.031288
0.031188
0.031088
0.031088
0.031088
0.031088
0.030888
0.030888
0.030888
0.030888
0.030888
0.030788
0.030688
0.030588
0.030488
0.030488
0.030488
0.030288
0.030288
0.030288
0.030288
0.030188
0.030088
0.030088
0.030088
0.030088
0.029988
0.029988
0.029988
0.029888
0.029688
0.029688
0.029688
0.029688
0.029588
0.029488
0.029488
0.029288
0.029288
0.029288
0.029288
0.029188
0.029188
0.029188
0.029088
0.029188
0.028888
0.028688
0.028688
0.028688
0.028688
0.028688
0.028688
0.028688
0.028688
0.028488
0.028488
0.028488
0.028388
0.028388
0.028288
0.028288
0.028188
0.028088
0.028088
0.027988
0.027988
0.027888
0.027988
0.027688
0.027688
0.027688
0.027688
0.027688
0.027588
0.027588
0.027488
0.027488
0.027288
0.027288
0.027088
0.027088
0.027088
0.027088
0.027088
0.027088
0.026888
0.026888
0.026888
0.026888
0.026788
0.026788
0.026688
0.026488
0.026488
0.026488
0.026488
0.026488
0.026388
0.026288
0.026288
0.026188
0.026088
0.026088
0.026088
0.025988
0.025988
0.025988
0.025888
0.025888
0.025488
0.025688
0.025688
0.025488
0.025488
0.025488
0.025488
0.025488
0.025388
0.025288
0.025288
0.025288
0.025188
0.025188
0.025088
0.025088
0.024888
0.024888
0.024888
0.024888
0.024888
0.024688
0.024688
0.024588
0.024488
0.024488
0.024488
0.024388
0.024388
0.024388
0.024388
0.024288
0.024088
0.023888
0.023888
0.023888
0.023888
0.023888
0.023888
0.023688
0.023688
0.023688
0.023688
0.023588
0.023588
0.023588
0.023488
0.023488
0.023388
0.023288
0.023288
0.023288
0.023188
0.023188
0.023088
0.023088
0.022888
0.022888
0.022888
0.022888
0.022888
0.022788
0.022688
0.022688
0.022488
0.022488
0.022288
0.022288
0.022288
0.022288
0.022288
0.022088
0.022088
0.022088
0.022088
0.021988
0.022088
0.021988
0.021888
0.021688
0.021688
0.021688
0.021688
0.021688
0.021588
0.021488
0.021488
0.021488
0.021288
0.021288
0.021288
0.021188
0.021188
0.021188
0.021088
0.021088
0.020888
0.020688
0.020688
0.020688
0.020688
0.020688
0.020688
0.020588
0.020588
0.020488
0.020488
0.020388
0.020288
0.020388
0.020388
0.020088
0.020388
0.020088
0.020088
0.020088
0.019988
0.019888
0.019888
0.019888
0.019688
0.019688
0.019688
0.019688
0.019588
0.019588
0.019488
0.019388
0.019388
0.019088
0.019088
0.019088
0.019088
0.019088
0.019088
0.018888
0.018888
0.018888
0.018888
0.018888
0.018788
0.018788
0.018688
0.018488
0.018488
0.018488
0.018488
0.018388
0.018388
0.018288
0.018288
0.018288
0.018088
0.018088
0.018088
0.018088
0.017988
0.018088
0.017888
0.017688
0.017688
0.017488
0.017688
0.017488
0.017488
0.017488
0.017488
0.017388
0.017388
0.017288
0.017288
0.017288
0.017188
0.017188
0.017088
0.016888
0.016888
0.016888
0.016888
0.016888
0.016788
0.016688
0.016588
0.016688
0.016488
0.016488
0.016488
0.016488
0.016388
0.016288
0.016488
0.016288
0.016088
0.015888
0.015888
0.015888
0.015888
0.015888
0.015888
0.015688
0.015688
0.015688
0.015688
0.015688
0.015588
0.015588
0.015488
0.015488
0.015288
0.015288
0.015288
0.015188
0.015188
0.015188
0.015088
0.014888
0.014888
0.014888
0.014888
0.014888
0.014888
0.014788
0.014688
0.014488
0.014688
0.014288
0.014288
0.014288
0.014288
0.014288
0.014288
0.014188
0.014188
0.014088
0.014088
0.014088
0.013988
0.013888
0.013888
0.013788
0.013788
0.013688
0.013688
0.013688
0.013488
0.013488
0.013488
0.013388
0.013488
0.013288
0.013288
0.013288
0.013188
0.013288
0.013188
0.013088
0.012888
0.012688
0.012688
0.012688
0.012688
0.012688
0.012688
0.012688
0.012688
0.012488
0.012488
0.012488
0.012388
0.012388
0.012288
0.012288
0.012188
0.012088
0.012088
0.011988
0.011988
0.011888
0.011888
0.011888
0.011688
0.011688
0.011688
0.011688
0.011688
0.011588
0.011488
0.011388
0.011288
0.011088
0.011088
0.011088
0.011088
0.011088
0.011088
0.011088
0.010888
0.010888
0.010888
0.010888
0.010788
0.010788
0.010888
0.010588
0.010488
0.010488
0.010488
0.010488
0.010388
0.010288
0.010288
0.010288
0.010088
0.010088
0.010088
0.009988
0.009988
0.009988
0.009888
0.009888
0.009688
0.009488
0.009488
0.009488
0.009488
0.009488
0.009488
0.009288
0.009288
0.009388
0.009288
0.009188
0.009188
0.009188
0.009188
0.009088
0.008988
0.008888
0.008888
0.008788
0.008788
0.008688
0.008688
0.008688
0.008488
0.008488
0.008488
0.008488
0.008388
0.008388
0.008288
0.008188
0.008088
0.007888
0.007888
0.007888
0.007888
0.007888
0.007888
0.007788
0.007688
0.007688
0.007688
0.007588
0.007588
0.007588
0.007588
0.007488
0.007288
0.007288
0.007288
0.007288
0.007188
0.007088
0.007088
0.006988
0.006888
0.006888
0.006888
0.006888
0.006788
0.006788
0.006788
0.006688
0.006488
0.006288
0.006288
0.006288
0.006288
0.006288
0.006288
0.006288
0.006188
0.006088
0.006088
0.005988
0.005988
0.005888
0.005888
0.005888
0.005688
0.005688
0.005688
0.005688
0.005588
0.005488
0.005488
0.005488
0.005288
0.005288
0.005288
0.005288
0.005288
0.005188
0.005088
0.004988
0.004888
0.004888
0.004688
0.004688
0.004688
0.004688
0.004688
0.004688
0.004488
0.004488
0.004488
0.004388
0.004388
0.004388
0.004288
0.004288
0.004088
0.004088
0.004088
0.003988
0.003988
0.003888
0.003988
0.003888
0.003688
0.003688
0.003688
0.003588
0.003588
0.003588
0.003588
0.003488
0.003488
0.003288
0.003088
0.003088
0.003088
0.003088
0.002988
0.002888
0.002988
0.002888
0.002888
0.002888
0.002788
0.002788
0.002688
0.002688
0.002688
0.002488
0.002488
0.002388
0.002388
0.002488
0.002288
0.002088
0.002088
0.002088
0.002088
0.002088
0.002088
0.001988
0.001988
0.001888
0.001888
0.001788
0.001488
0.001488
0.001488
0.001488
0.001488
0.001488
0.001288
0.001288
0.001288
0.001288
0.001188
0.001188
0.001088
0.000888
0.000888
0.001088
0.000888
0.000888
0.000788
0.000688
0.000688
0.000688
0.000488
0.000488
0.000488
0.000488
0.000488
0.000388
0.000388
0.000288
0.000088
0.000088
0.000088
-0.000112
-0.000112
-0.000112
-0.000112
-0.000112
-0.000212
-0.000312
-0.000312
-0.000312
-0.000312
-0.000412
-0.000412
-0.000512
-0.000512
-0.000712
-0.000712
-0.000712
-0.000912
-0.000912
-0.000912
-0.000912
-0.001112
-0.001112
-0.001112
-0.001112
-0.001212
-0.001212
-0.001212
-0.001312
0.014512
0.014312
0.014312
0.014312
0.014312
0.014312
0.014312
0.014312
0.014112
0.014112
0.014112
0.014112
0.014012
0.014012
0.013912
0.013812
0.013912
0.013712
0.013712
0.013712
0.013612
0.013512
0.013512
0.013412
0.013312
0.013312
0.013312
0.013212
0.013212
0.013212
0.013212
0.013112
0.012712
0.012712
0.012712
0.012712
0.012712
0.012712
0.012712
0.012512
0.012512
0.012612
0.012512
0.012512
0.012512
0.012412
0.012312
0.012412
0.012312
0.012112
0.012112
0.012112
0.012012
0.012012
0.011912
0.011912
0.011712
0.011712
0.011712
0.011712
0.011712
0.011612
0.011612
0.011512
0.011312
0.011512
0.011112
0.011112
0.011112
0.011112
0.011112
0.011112
0.010912
0.010912
0.010912
0.010912
0.010812
0.010812
0.010812
0.010712
0.010612
0.010512
0.010512
0.010512
0.010512
0.010412
0.010312
0.010312
0.010312
0.010112
0.010112
0.010112
0.010012
0.010012
0.010012
0.010012
0.009812
0.009712
0.009512
0.009512
0.009512
0.009512
0.009512
0.009512
0.009412
0.009312
0.009312
0.009212
0.009312
0.009212
0.009212
0.009112
0.008912
0.008912
0.008912
0.008912
0.008812
0.008912
0.008712
0.008712
0.008512
0.008512
0.008512
0.008512
0.008512
0.008412
0.008412
0.008312
0.008312
0.008212
0.008112
0.007912
0.007912
0.007912
0.007912
0.007912
0.007812
0.007712
0.007712
0.007612
0.007712
0.007612
0.007612
0.007612
0.007412
0.007312
0.007312
0.007312
0.007312
0.007212
0.007112
0.007112
0.007112
0.007012
0.006912
0.006912
0.006912
0.006812
0.006812
0.006812
0.006712
0.006512
0.006312
0.006312
0.006312
0.006312
0.006312
0.006312
0.006312
0.006112
0.006112
0.006112
0.006012
0.006012
0.006012
0.006012
0.005912
0.005712
0.005712
0.005712
0.005712
0.005612
0.005512
0.005512
0.005312
0.005312
0.005312
0.005312
0.005312
0.005312
0.005212
0.005212
0.005112
0.005112
0.004912
0.004712
0.004712
0.004712
0.004712
0.004712
0.004712
0.004512
0.004512
0.004512
0.004512
0.004412
0.004412
0.004412
0.004312
0.004212
0.004112
0.004112
0.004012
0.003912
0.003912
0.003912
0.003912
0.003712
0.003712
0.003712
0.003712
0.003612
0.003612
0.003612
0.003512
0.003112
0.003112
0.003112
0.003112
0.003112
0.003112
0.003112
0.003112
0.002912
0.002912
0.002912
0.002812
0.002812
0.002812
0.002812
0.002712
0.002512
0.002512
0.002512
0.002512
0.002412
0.002312
0.002312
0.002312
0.002112
0.002112
0.002112
0.002112
0.002012
0.002012
0.001912
0.001912
0.001512
0.001512
0.001512
0.001512
0.001512
0.001512
0.001512
0.001512
0.001312
0.001312
0.001312
0.001312
0.001312
0.001212
0.001112
0.001112
0.001012
0.000912
0.000912
0.000812
0.000812
0.000712
0.000712
0.000712
0.000712
0.000512
0.000512
0.000512
0.000412
0.000412
0.000312
0.000312
0.000312
0.000212
-0.000088
-0.000088
-0.000088
-0.000088
-0.000088
-0.000088
-0.000288
-0.000288
-0.000288
-0.000388
-0.000388
-0.000388
-0.000488
-0.000688
-0.000688
-0.000688
-0.000688
-0.000788
-0.000888
-0.000788
-0.000888
-0.000888
-0.001088
-0.001088
-0.001088
-0.001088
-0.001188
-0.001188
-0.001288
-0.001388
-0.001688
-0.001688
-0.001688
-0.001688
-0.001688
-0.001688
-0.001688
-0.001688
-0.001888
-0.001888
-0.001888
-0.001888
-0.001988
-0.001988
-0.001988
-0.002088
-0.002188
-0.002288
-0.002288
-0.002288
-0.002388
-0.002488
-0.002488
-0.002488
-0.002588
-0.002688
-0.002688
-0.002788
-0.002788
-0.002788
-0.002788
-0.002888
-0.003088
-0.003288
-0.003288
-0.003288
-0.003288
-0.003288
-0.003288
-0.003488
-0.003488
-0.003488
-0.003488
-0.003588
-0.003588
-0.003688
-0.003688
-0.003788
-0.003888
-0.003888
-0.003888
-0.003888
-0.003988
-0.004088
-0.004088
-0.004088
-0.004288
-0.004288
-0.004288
-0.004288
-0.004388
-0.004488
-0.004488
-0.004688
-0.004888
-0.004888
-0.004888
-0.004888
-0.004888
-0.004888
-0.004888
-0.004888
-0.005088
-0.005088
-0.005088
-0.005088
-0.005188
-0.005188
-0.005288
-0.005288
-0.005488
-0.005488
-0.005488
-0.005488
-0.005588
-0.005688
-0.005688
-0.005688
-0.005888
-0.005888
-0.005888
-0.005888
-0.005888
-0.005988
-0.005988
-0.006088
-0.006488
-0.006488
-0.006488
-0.006488
-0.006488
-0.006488
-0.006488
-0.006588
-0.006488
-0.006688
-0.006688
-0.006688
-0.006788
-0.006788
-0.006788
-0.006888
-0.007088
-0.007088
-0.007088
-0.007088
-0.007188
-0.007288
-0.007288
-0.007288
-0.007488
-0.007488
-0.007488
-0.007488
-0.007588
-0.007588
-0.007588
-0.007688
-0.007888
-0.008088
-0.008088
-0.008088
-0.008088
-0.008088
-0.008088
-0.008088
-0.008288
-0.008288
-0.008288
-0.008288
-0.008288
-0.008288
-0.008488
-0.008488
-0.008588
-0.008688
-0.008688
-0.008688
-0.008788
-0.008888
-0.008888
-0.008888
-0.009088
-0.009088
-0.009088
-0.009088
-0.009088
-0.009188
-0.009288
-0.009288
-0.009288
-0.009688
-0.009688
-0.009688
-0.009688
-0.009688
-0.009688
-0.009688
-0.009688
-0.009888
-0.009888
-0.009888
-0.009988
-0.009988
-0.010088
-0.010088
-0.010188
-0.010288
-0.010288
-0.010388
-0.010388
-0.010488
-0.010488
-0.010488
-0.010688
-0.010688
-0.010688
-0.010688
-0.010788
-0.010788
-0.010888
-0.010888
-0.010888
-0.011288
-0.011288
-0.011288
-0.011288
-0.011288
-0.011288
-0.011288
-0.011488
-0.011488
-0.011488
-0.011588
-0.011588
-0.011588
-0.011688
-0.011688
-0.011688
-0.011888
-0.011888
-0.011988
-0.011888
-0.011988
-0.012088
-0.012088
-0.012288
-0.012288
-0.012288
-0.012288
-0.012288
-0.012388
-0.012488
-0.012488
-0.012488
-0.012888
-0.012888
-0.012888
-0.012888
-0.012888
-0.012888
-0.012888
-0.012888
-0.013088
-0.013088
-0.013188
-0.013188
-0.013188
-0.013288
-0.013488
-0.013488
-0.013488
-0.013488
-0.013488
-0.013488
-0.013688
-0.013688
-0.013688
-0.013888
-0.013888
-0.013888
-0.013988
-0.013988
-0.013988
-0.014088
-0.014188
-0.014188
-0.014488
-0.014488
-0.014488
-0.014488
-0.014488
-0.014488
-0.014688
-0.014688
-0.014688
-0.014688
-0.014688
-0.014688
-0.014788
-0.014888
-0.014888
-0.015088
-0.015088
-0.015088
-0.015088
-0.015188
-0.015288
-0.015288
-0.015288
-0.015488
-0.015488
-0.015488
-0.015588
-0.015588
-0.015588
-0.015588
-0.015688
-0.015888
-0.016088
-0.016088
-0.016088
-0.016088
-0.016088
-0.016088
-0.016288
-0.016288
-0.016288
-0.016288
-0.016388
-0.016388
-0.016388
-0.016488
-0.016488
-0.016688
-0.016688
-0.016688
-0.016688
-0.016788
-0.016888
-0.016888
-0.016888
-0.016988
-0.017088
-0.017088
-0.017188
-0.017188
-0.017188
-0.017188
-0.017288
-0.017688
-0.017688
-0.017688
-0.017688
-0.017688
-0.017688
-0.017688
-0.017688
-0.017888
-0.017888
-0.017888
-0.017888
-0.017988
-0.017988
-0.017988
-0.018188
-0.018288
-0.018288
-0.018288
-0.018388
-0.018388
-0.018388
-0.018488
-0.018588
-0.018688
-0.018688
-0.018688
-0.018688
-0.018688
-0.018888
-0.018888
-0.018988
-0.019288
-0.019088
-0.019288
-0.019288
-0.019288
-0.019288
-0.019288
-0.019288
-0.019488
-0.019488
-0.019488
-0.019588
-0.019588
-0.019588
-0.019688
-0.019788
-0.019788
-0.019888
-0.019888
-0.019888
-0.019888
-0.020088
-0.020088
-0.020088
-0.020288
-0.020288
-0.020288
-0.020288
-0.020388
-0.020388
-0.020388
-0.020488
-0.020688
-0.020888
-0.020888
-0.020888
-0.020888
-0.020888
-0.020888
-0.020888
-0.020888
-0.021088
-0.021088
-0.021088
-0.021188
-0.021188
-0.021288
-0.021288
-0.021488
-0.021488
-0.021488
-0.021588
-0.021588
-0.021588
-0.021688
-0.021688
-0.021688
-0.021888
-0.021888
-0.021888
-0.021988
-0.021988
-0.021988
-0.022088
-0.022188
-0.022488
-0.022488
-0.022488
-0.022488
-0.022488
-0.022488
-0.022488
-0.022488
-0.022688
-0.022688
-0.022688
-0.022788
-0.022788
-0.022788
-0.022888
-0.023088
-0.023088
-0.023088
-0.023088
-0.023188
-0.023288
-0.023288
-0.023288
-0.023388
-0.023488
-0.023488
-0.023588
-0.023588
-0.023588
-0.023588
-0.023788
-0.023788
-0.024088
-0.024088
-0.024088
-0.024088
-0.024088
-0.024088
-0.024088
-0.024288
-0.024288
-0.024288
-0.024288
-0.024288
-0.024388
-0.024488
-0.024688
-0.024688
-0.024688
-0.024688
-0.024688
-0.024788
-0.024888
-0.024888
-0.024888
-0.025088
-0.025088
-0.025088
-0.025088
-0.025188
-0.025188
-0.025188
-0.025288
-0.025288
-0.025488
-0.025688
-0.025688
-0.025688
-0.025688
-0.025688
-0.025688
-0.025888
-0.025888
-0.025888
-0.025988
-0.025988
-0.025988
-0.026088
-0.026288
-0.026188
-0.026288
-0.026288
-0.026388
-0.026388
-0.026388
-0.026488
-0.026588
-0.026488
-0.026688
-0.026688
-0.026688
-0.026788
-0.026788
-0.026788
-0.026988
-0.027288
-0.027288
-0.027288
-0.027288
-0.027288
-0.027288
-0.027288
-0.027288
-0.027488
-0.027488
-0.027488
-0.027488
-0.027588
-0.027588
-0.027688
-0.027588
-0.027888
-0.027888
-0.027888
-0.027888
-0.027888
-0.028088
-0.028088
-0.028188
-0.028288
-0.028288
-0.028288
-0.028288
-0.028288
-0.028388
-0.028488
-0.028488
-0.028688
-0.028888
-0.028888
-0.028888
-0.028888
-0.028888
-0.028888
-0.028888
-0.029088
-0.029088
-0.029088
-0.029188
-0.029188
-0.029188
-0.029288
-0.029288
-0.029488
-0.029488
-0.029488
-0.029488
-0.029488
-0.029688
-0.029688
-0.029688
-0.029888
-0.029888
-0.029888
-0.029888
-0.029988
-0.029888
-0.030088
-0.030088
-0.030188
-0.030488
-0.030488
-0.030488
-0.030488
-0.030488
-0.030488
-0.030488
-0.030488
-0.030688
-0.030688
-0.030688
-0.030688
-0.030888
-0.030888
-0.030988
-0.030888
-0.031088
-0.031088
-0.031088
-0.031188
-0.031288
-0.031288
-0.031288
-0.031488
-0.031488
-0.031488
-0.031588
-0.031488
-0.031588
-0.031588
-0.031688
-0.031788
-0.031888
-0.032088
-0.032088
-0.032088
-0.032088
-0.032088
-0.032088
-0.032288
-0.032288
-0.032288
-0.032288
-0.032388
-0.032388
-0.032388
-0.032588
-0.032688
-0.032688
-0.032688
-0.032688
-0.032788
-0.032888
-0.032888
-0.032888
-0.032988
-0.033088
-0.033088
-0.033088
-0.033088
-0.033188
-0.033288
-0.033288
-0.033488
-0.033688
-0.033688
-0.033688
-0.033688
-0.033688
-0.033688
-0.033688
-0.033788
-0.033888
-0.033888
-0.033888
-0.033988
-0.033988
-0.033988
-0.033988
-0.034088
-0.034288
-0.034288
-0.034288
-0.034388
-0.034388
-0.034488
-0.034688
-0.034688
-0.034688
-0.034688
-0.034788
-0.034788
-0.034788
-0.034888
-0.034888
-0.035088
-0.035288
-0.035288
-0.035288
-0.035288
-0.035288
-0.035288
-0.035288
-0.035388
-0.035488
-0.035488
-0.035488
-0.035588
-0.035688
-0.035688
-0.035688
-0.035788
-0.035888
-0.035888
-0.035988
-0.035988
0.004810
0.004810
0.004810
0.004710
0.004610
0.004610
0.004610
0.004610
0.004510
0.004410
0.004410
0.004310
0.004010
0.004010
0.004010
0.004010
0.004010
0.004010
0.004010
0.003910
0.003810
0.003810
0.003810
0.003710
0.003710
0.003610
0.003610
0.003410
0.003410
0.003410
0.003410
0.003310
0.003210
0.003210
0.003210
0.003010
0.003010
0.003010
0.003010
0.003010
0.002910
0.002910
0.002810
0.002610
0.002410
0.002410
0.002410
0.002410
0.002410
0.002410
0.002410
0.002410
0.002210
0.002210
0.002110
0.002110
0.002110
0.002010
0.002010
0.002010
0.001810
0.001810
0.001810
0.001810
0.001710
0.001610
0.001610
0.001410
0.001410
0.001410
0.001410
0.001410
0.001310
0.001310
0.001210
0.001010
0.001010
0.000810
0.000810
0.000810
0.000810
0.000810
0.000810
0.000610
0.000610
0.000610
0.000610
0.000610
0.000510
0.000510
0.000410
0.000210
0.000210
0.000210
0.000210
0.000210
0.000110
0.000010
-0.000190
0.000010
-0.000190
-0.000190
-0.000290
-0.000290
-0.000290
-0.000390
-0.000390
-0.000390
-0.000790
-0.000790
-0.000790
-0.000790
-0.000790
-0.000790
-0.000790
-0.000790
-0.000990
-0.000990
-0.000990
-0.001090
-0.000990
-0.001090
-0.001190
-0.001190
-0.001390
-0.001390
-0.001390
-0.001390
-0.001590
-0.001590
-0.001590
-0.001790
-0.001790
-0.001790
-0.001790
-0.001890
-0.001890
-0.001890
-0.001990
-0.002190
-0.002190
-0.002390
-0.002390
-0.002390
-0.002390
-0.002390
-0.002490
-0.002590
-0.002590
-0.002590
-0.002690
-0.002690
-0.002790
-0.002790
-0.002690
-0.002790
-0.002990
-0.002990
-0.002990
-0.002990
-0.003190
-0.003190
-0.003190
-0.003390
-0.003390
-0.003390
-0.003390
-0.003490
-0.003490
-0.003490
-0.003690
-0.003590
-0.003990
-0.003990
-0.003990
-0.003990
-0.003990
-0.003990
-0.003990
-0.003990
-0.004190
-0.004190
-0.004190
-0.004190
-0.004290
-0.004290
-0.004390
-0.004590
-0.004490
-0.004590
-0.004590
-0.004690
-0.004690
-0.004790
-0.004790
-0.004790
-0.004990
-0.004990
-0.004990
-0.005090
-0.005090
-0.005090
-0.005190
-0.005290
-0.005390
-0.005590
-0.005590
-0.005590
-0.005590
-0.005590
-0.005790
-0.005590
-0.005790
-0.005790
-0.005790
-0.005890
-0.005890
-0.005990
-0.005990
-0.006090
-0.006190
-0.006190
-0.006190
-0.006190
-0.006290
-0.006390
-0.006390
-0.006390
-0.006590
-0.006590
-0.006590
-0.006590
-0.006690
-0.006790
-0.006790
-0.006890
-0.007190
-0.007190
-0.007190
-0.007190
-0.007190
-0.007190
-0.007190
-0.007390
-0.007390
-0.007390
-0.007390
-0.007490
-0.007490
-0.007590
-0.007790
-0.007690
-0.007790
-0.007790
-0.007790
-0.007790
-0.007890
-0.007990
-0.007990
-0.008190
-0.008190
-0.008190
-0.008190
-0.008290
-0.008290
-0.008290
-0.008390
-0.008590
-0.008790
-0.008790
-0.008790
-0.008790
-0.008790
-0.008790
-0.008790
-0.008890
-0.008890
-0.008990
-0.008990
-0.009090
-0.009090
-0.009090
-0.009190
-0.009190
-0.009390
-0.009390
-0.009390
-0.009390
-0.009390
-0.009590
-0.009590
-0.009590
-0.009790
-0.009790
-0.009790
-0.009890
-0.009890
-0.009890
-0.009890
-0.010190
-0.010390
-0.010390
-0.010390
-0.010390
-0.010390
-0.010390
-0.010390
-0.010590
-0.010590
-0.010590
-0.010690
-0.010690
-0.010690
-0.010690
-0.010790
-0.010990
-0.010990
-0.010990
-0.010990
-0.011090
-0.011090
-0.011190
-0.011290
-0.011190
-0.011390
-0.011390
-0.011390
-0.011490
-0.011490
-0.011590
-0.011590
-0.011790
-0.011990
-0.011990
-0.011990
-0.011990
-0.011990
-0.011990
-0.011990
-0.012090
-0.012090
-0.012190
-0.012190
-0.012290
-0.012290
-0.012290
-0.012390
-0.012590
-0.012590
-0.012590
-0.012590
-0.012590
-0.012690
-0.012790
-0.012790
-0.012790
-0.012990
-0.012990
-0.013090
-0.013090
-0.013090
-0.013190
-0.013190
-0.013390
-0.013590
-0.013590
-0.013590
-0.013590
-0.013590
-0.013590
-0.013590
-0.013790
-0.013790
-0.013690
-0.013790
-0.013890
-0.013890
-0.013990
-0.014090
-0.014190
-0.014190
-0.014190
-0.014290
-0.014390
-0.014290
-0.014390
-0.014390
-0.014590
-0.014590
-0.014590
-0.014590
-0.014590
-0.014690
-0.014790
-0.014890
-0.014990
-0.015190
-0.015190
-0.015190
-0.015190
-0.015190
-0.015190
-0.015190
-0.015190
-0.015390
-0.015390
-0.015390
-0.015490
-0.015390
-0.015490
-0.015590
-0.015790
-0.015790
-0.015790
-0.015890
-0.015890
-0.015990
-0.015990
-0.016090
-0.016190
-0.016190
-0.016190
-0.016290
-0.016290
-0.016290
-0.016290
-0.016390
-0.016790
-0.016790
-0.016790
-0.016790
-0.016790
-0.016790
-0.016890
-0.016990
-0.016990
-0.016990
-0.016990
-0.016990
-0.017090
-0.017090
-0.017190
-0.017190
-0.017190
-0.017390
-0.017390
-0.017490
-0.017390
-0.017490
-0.017590
-0.017590
-0.017790
-0.017790
-0.017790
-0.017790
-0.017890
-0.017890
-0.017990
-0.017990
-0.018090
-0.018390
-0.018390
-0.018390
-0.018390
-0.018390
-0.018390
-0.018390
-0.018590
-0.018590
-0.018490
-0.018590
-0.018690
-0.018690
-0.018690
-0.018790
-0.018990
-0.018990
-0.018990
-0.018990
-0.019090
-0.019190
-0.019190
-0.019390
-0.019390
-0.019390
-0.019390
-0.019390
-0.019490
-0.019490
-0.019590
-0.019490
-0.019990
-0.019990
-0.019990
-0.019990
-0.019990
-0.019990
-0.019990
-0.019990
-0.020190
-0.020190
-0.020190
-0.020190
-0.020290
-0.020290
-0.020390
-0.020390
-0.020390
-0.020590
-0.020590
-0.020590
-0.020690
-0.020790
-0.020790
-0.020790
-0.020990
-0.020990
-0.020990
-0.020990
-0.021090
-0.021090
-0.021190
-0.021290
-0.021390
-0.021590
-0.021590
-0.021590
-0.021590
-0.021590
-0.021590
-0.021590
-0.021690
-0.021790
-0.021790
-0.021790
-0.021890
-0.021890
-0.021990
-0.022090
-0.022190
-0.022190
-0.022090
-0.022190
-0.022290
-0.022390
-0.022390
-0.022390
-0.022390
-0.022590
-0.022590
-0.022690
-0.022690
-0.022690
-0.022690
-0.022790
-0.022990
-0.022990
-0.023190
-0.023190
-0.023190
-0.023190
-0.023190
-0.023390
-0.023390
-0.023390
-0.023390
-0.023390
-0.023390
-0.023490
-0.023590
-0.023590
-0.023790
-0.023790
-0.023790
-0.023790
-0.023890
-0.023890
-0.023990
-0.023890
-0.024090
-0.024190
-0.024190
-0.024290
-0.024290
-0.024390
-0.024290
-0.024390
-0.024790
-0.024790
-0.024790
-0.024790
-0.024790
-0.024790
-0.024790
-0.024790
-0.024990
-0.024990
-0.024990
-0.025090
-0.025090
-0.025090
-0.025190
-0.025190
-0.025390
-0.025390
-0.025390
-0.025390
-0.025490
-0.025590
-0.025590
-0.025590
-0.025790
-0.025790
-0.025790
-0.025890
-0.025890
-0.025890
-0.025890
-0.026190
-0.026190
-0.026390
-0.026390
-0.026390
-0.026390
-0.026390
-0.026390
-0.026490
-0.026590
-0.026590
-0.026590
-0.026690
-0.026690
-0.026690
-0.026690
-0.026790
-0.026790
-0.026990
-0.026990
-0.026990
-0.027190
-0.027190
-0.027190
-0.027190
-0.027390
-0.027390
-0.027390
-0.027390
-0.027490
-0.027490
-0.027590
-0.027790
-0.027990
-0.027990
-0.027990
-0.027990
-0.027990
-0.027990
-0.027990
-0.027990
-0.028090
-0.028190
-0.028190
-0.028190
-0.028290
-0.028390
-0.028290
-0.028590
-0.028490
-0.028590
-0.028590
-0.028590
-0.028690
-0.028790
-0.028790
-0.028890
-0.028990
-0.028990
-0.028990
-0.029090
-0.029090
-0.029090
-0.029190
-0.029190
-0.029390
-0.029590
-0.029590
-0.029590
-0.029590
-0.029590
-0.029590
-0.029590
-0.029690
-0.029790
-0.029790
-0.029790
-0.029890
-0.029990
-0.029990
-0.029990
-0.030190
-0.030190
-0.030190
-0.030190
-0.030190
-0.030390
-0.030390
-0.030390
-0.030590
-0.030590
-0.030590
-0.030590
-0.030690
-0.030690
-0.030790
-0.030990
-0.030990
-0.031190
-0.031190
-0.031190
-0.031190
-0.031190
-0.031190
-0.031190
-0.031290
-0.031390
-0.031390
-0.031390
-0.031490
-0.031490
-0.031590
-0.031590
-0.031790
-0.031790
-0.031790
-0.031790
-0.031890
-0.031990
-0.031990
-0.031990
-0.032190
-0.032190
-0.032190
-0.032290
-0.032290
-0.032290
-0.032390
-0.032390
-0.032790
-0.032790
-0.032790
-0.032790
-0.032790
-0.032790
-0.032790
-0.032790
-0.032990
-0.032990
-0.032990
-0.032990
-0.033090
-0.033090
-0.033190
-0.033190
-0.033390
-0.033390
-0.033390
-0.033490
-0.033490
-0.033590
-0.033590
-0.033590
-0.033590
-0.033790
-0.033790
-0.033790
-0.033890
-0.033890
-0.033990
-0.033990
-0.034390
-0.034390
-0.034390
-0.034390
-0.034390
-0.034390
-0.034390
-0.034590
-0.034490
-0.034590
-0.034590
-0.034690
-0.034690
-0.034690
-0.034790
-0.034790
-0.034790
-0.034990
-0.034990
-0.034990
-0.035090
-0.035090
-0.035190
-0.035190
-0.035390
-0.035390
-0.035390
-0.035390
-0.035490
-0.035590
-0.035590
-0.035590
-0.035990
-0.035990
-0.035990
-0.035990
-0.035990
-0.035990
-0.035990
-0.036190
-0.036190
-0.036190
-0.036190
-0.036190
-0.036190
-0.036290
-0.036290
-0.036490
-0.036590
-0.036590
-0.036590
-0.036590
-0.036690
-0.036790
-0.036790
-0.036790
-0.036990
-0.036990
-0.036990
-0.036990
-0.037090
-0.037090
-0.037090
-0.037090
-0.037190
-0.037590
-0.037590
-0.037590
-0.037590
-0.037590
-0.037590
-0.037690
-0.037790
-0.037790
-0.037790
-0.037890
-0.037890
-0.037890
-0.037990
-0.037990
-0.038190
-0.038190
-0.038190
-0.038290
-0.038290
-0.038390
-0.038390
-0.038390
-0.038590
-0.038590
-0.038590
-0.038590
-0.038590
-0.038690
-0.038690
-0.038790
-0.038990
-0.039190
-0.039190
-0.039190
-0.039190
-0.039190
-0.039190
-0.039190
-0.039290
-0.039390
-0.039390
-0.039390
-0.039490
-0.039490
-0.039490
-0.039590
-0.039790
-0.039790
-0.039790
-0.039790
-0.039890
-0.039990
-0.039990
-0.040190
-0.040190
-0.040190
-0.040190
-0.040190
-0.040290
-0.040290
-0.040390
-0.040390
-0.040790
-0.040590
-0.040790
-0.040790
-0.040790
-0.040790
-0.040790
-0.040890
-0.040990
-0.040990
-0.040990
-0.040990
-0.040990
-0.041090
-0.041090
-0.041390
-0.041390
-0.041390
-0.041390
-0.041390
-0.041490
-0.041490
-0.041790
-0.041590
-0.041790
-0.041790
-0.041790
-0.041890
-0.041890
-0.041890
-0.041890
-0.041990
-0.042190
-0.042390
-0.042390
-0.042390
-0.042390
-0.042390
-0.042390
-0.042390
-0.042590
-0.042590
-0.042590
-0.042590
-0.042590
-0.042690
-0.042790
-0.042990
-0.042990
-0.042990
-0.042990
-0.043090
-0.042990
-0.043190
-0.043190
-0.043190
-0.043390
-0.043390
-0.043390
-0.043390
-0.043390
-0.043490
-0.043590
-0.043590
-0.043790
-0.043990
-0.043790
-0.043990
-0.043990
-0.043990
-0.043990
-0.043990
-0.043990
-0.044190
-0.044190
-0.044190
-0.044290
-0.044290
-0.044290
-0.044390
-0.044590
-0.044590
-0.044590
-0.044590
-0.044590
-0.044790
-0.044790
-0.044990
-0.044990
-0.044990
-0.044990
-0.044990
-0.045090
-0.045090
-0.045190
-0.045190
-0.045390
-0.045590
-0.045590
-0.045590
-0.045590
-0.045590
-0.045590
-0.045590
-0.045790
-0.045790
-0.045790
-0.045790
-0.045890
-0.045890
-0.045990
-0.046090
-0.046190
-0.046190
-0.046190
-0.046190
-0.046290
-0.046390
-0.046390
-0.046590
-0.046590
-0.046590
-0.046590
-0.046590
-0.046590
-0.046690
-0.046790
-0.046790
-0.046990
-0.047190
-0.047190
-0.047190
-0.047190
-0.047190
-0.047190
-0.047190
-0.047190
-0.047390
-0.047390
-0.047390
-0.047490
-0.047490
-0.047490
-0.047590
-0.047790
-0.047790
-0.047790
-0.047790
-0.047790
-0.047890
-0.047990
-0.047990
-0.048190
-0.048190
-0.048190
-0.048190
-0.048290
-0.048390
-0.048390
-0.048390
-0.048390
-0.048590
-0.048790
-0.048790
-0.048790
-0.048790
-0.048790
-0.048790
-0.048990
-0.048990
-0.048990
-0.048990
-0.049090
-0.048990
-0.049090
-0.049390
-0.049190
-0.049390
-0.049390
-0.049390
-0.049490
-0.049590
-0.049590
-0.049590
-0.049790
-0.049790
-0.049790
-0.049790
-0.049890
-0.049890
-0.049890
-0.049990
-0.050190
-0.050190
-0.050390
-0.050390
-0.050390
-0.050390
-0.050390
-0.050390
-0.050390
-0.050590
-0.050590
-0.050590
-0.050690
-0.050690
-0.050690
-0.050690
-0.050790
-0.050990
-0.050990
-0.050990
-0.051090
-0.051090
-0.051090
-0.051190
-0.051190
-0.051390
-0.051390
-0.051390
-0.051390
-0.051490
-0.051490
-0.051590
-0.051790
-0.051790
-0.051990
-0.051990
-0.051990
-0.051990
-0.051990
-0.051990
-0.051990
-0.052190
-0.052190
-0.052190
-0.052190
-0.052190
-0.052290
-0.052390
-0.052390
-0.052590
-0.052590
-0.052590
-0.052590
-0.052690
-0.052790
-0.052790
-0.052990
-0.052990
-0.052990
-0.052990
-0.053090
-0.053090
-0.053090
-0.053190
-0.053290
-0.053390
-0.053590
-0.053590
-0.053590
-0.053590
-0.053590
-0.053590
-0.053590
-0.053690
-0.053790
-0.053790
-0.053890
-0.053890
-0.053890
-0.053990
-0.053990
-0.054190
-0.054190
-0.054290
