-0.003842
-0.003842
-0.003942
-0.004042
-0.004042
-0.004142
-0.004142
-0.004342
-0.004342
-0.004342
-0.004342
-0.004442
-0.004542
-0.004542
-0.004542
-0.004642
-0.004642
-0.004642
-0.004742
-0.004942
-0.004842
-0.004942
-0.004942
-0.005042
-0.005042
-0.005242
-0.005142
-0.005242
-0.005342
-0.005342
-0.005342
-0.005442
-0.005442
-0.005542
-0.005542
-0.005642
-0.005742
-0.002378
-0.002378
-0.002378
-0.002378
-0.002378
-0.002478
-0.002478
-0.002578
-0.002578
-0.002578
-0.002678
-0.002678
-0.002778
-0.002778
-0.002878
-0.002878
-0.002978
-0.002978
-0.003178
-0.003178
-0.003178
-0.003178
-0.003278
-0.003378
-0.003378
-0.003478
-0.003478
-0.003478
-0.003578
-0.003578
-0.003578
-0.003778
-0.003778
-0.003978
-0.003978
-0.003978
-0.003978
-0.004078
-0.004078
-0.004178
-0.004178
-0.004178
-0.004278
-0.004278
-0.004378
-0.004378
-0.004478
-0.004478
-0.004578
-0.004578
-0.004678
-0.004678
-0.004778
-0.004778
-0.004878
-0.004978
-0.004978
-0.004978
-0.005078
-0.005078
-0.005178
-0.005178
-0.005278
-0.005278
0.000174
-0.000026
0.000074
-0.000026
-0.000026
-0.000026
-0.000126
-0.000226
-0.000226
-0.000226
-0.000226
-0.000326
-0.000326
-0.000426
-0.000526
-0.000526
-0.000626
-0.000626
-0.000726
-0.000726
-0.000826
-0.000826
-0.000926
-0.001026
-0.001026
-0.001026
-0.001026
-0.001126
-0.001226
-0.001226
-0.001226
-0.001326
-0.001426
-0.001426
-0.001626
-0.001626
-0.001626
-0.001626
-0.001726
-0.001726
-0.001826
-0.001826
-0.001826
-0.001926
-0.001926
-0.002026
-0.002026
-0.002226
-0.002226
-0.002226
-0.002326
-0.002326
-0.002426
-0.002426
-0.002626
-0.002626
-0.002626
-0.002626
-0.002726
-0.002726
-0.002826
-0.002826
-0.002926
-0.003026
-0.003026
0.000314
0.000314
0.000314
0.000314
0.000214
0.000214
0.000214
0.000114
0.000114
0.000014
0.000014
0.000014
-0.000086
-0.000086
-0.000286
-0.000286
-0.000286
-0.000486
-0.000386
-0.000486
-0.000486
-0.000486
-0.000686
-0.000686
-0.000686
-0.000786
-0.000786
-0.000886
-0.000886
-0.001086
-0.001086
-0.001086
-0.001286
-0.001286
-0.001286
-0.001286
-0.001286
-0.001286
-0.001486
-0.001486
-0.001486
-0.001586
-0.001586
-0.001586
-0.001686
-0.001786
-0.001886
-0.001886
-0.001886
-0.001986
-0.001986
-0.002086
-0.002086
-0.002086
-0.002186
-0.002186
-0.002286
-0.002386
-0.002386
-0.002486
-0.002486
-0.002586
-0.002686
-0.002686
0.001303
0.001403
0.001303
0.001303
0.001203
0.001203
0.001203
0.001103
0.001103
0.001003
0.001003
0.000903
0.000903
0.000903
0.000803
0.000803
0.000703
0.000603
0.000603
0.000603
0.000403
0.000403
0.000303
0.000303
0.000303
0.000203
0.000203
0.000103
0.000103
0.000003
0.000003
-0.000097
-0.000097
-0.000097
-0.000297
-0.000297
-0.000297
-0.000397
-0.000497
-0.000497
-0.000597
-0.000597
-0.000597
-0.000697
-0.000697
-0.000897
-0.000897
-0.000897
-0.000897
-0.000997
-0.000997
-0.001097
-0.001097
-0.001197
-0.001197
-0.001297
-0.001297
-0.001397
-0.001397
-0.001397
0.001031
0.000931
0.000831
0.000631
0.000831
0.000631
0.000631
0.000631
0.000431
0.000531
0.000431
0.000431
0.000431
0.000431
0.000331
0.000231
0.000131
0.000231
0.000131
0.000031
-0.000069
-0.000069
0.000031
-0.000169
-0.000169
-0.000369
-0.000369
-0.000369
-0.000369
-0.000469
-0.000469
-0.000469
-0.000569
-0.000669
-0.000669
-0.000769
-0.000769
-0.000969
-0.000969
-0.000969
-0.000969
-0.000969
-0.001069
-0.001169
-0.001169
-0.001269
-0.001269
-0.001369
-0.001469
-0.001469
-0.001569
-0.001569
-0.001569
-0.001569
-0.001669
-0.001669
-0.001769
-0.001769
-0.001869
-0.001969
-0.001969
0.002585
0.002585
0.002485
0.002485
0.002385
0.002385
0.002285
0.002085
0.002285
0.002085
0.002085
0.002085
0.001985
0.001885
0.001885
0.001885
0.001785
0.001785
0.001685
0.001585
0.001585
0.001485
0.001485
0.001485
0.001385
0.001285
0.001285
0.001285
0.001185
0.001085
0.001085
0.001085
0.000985
0.000985
0.000985
0.000785
0.000785
0.000685
0.000785
0.000685
0.000485
0.000485
0.000485
0.000485
0.000385
0.000385
0.000385
0.000285
0.000185
0.000185
0.000085
0.000085
-0.000015
-0.000015
-0.000115
-0.000215
-0.000115
-0.000315
-0.000315
-0.000315
-0.000415
-0.000415
-0.000515
-0.000515
-0.000515
0.002092
0.001992
0.001992
0.001892
0.001992
0.001792
0.001792
0.001592
0.001592
0.001592
0.001592
0.001592
0.001492
0.001392
0.001392
0.001292
0.001392
0.001192
0.001192
0.001192
0.000992
0.000992
0.000992
0.000792
0.000792
0.000792
0.000792
0.000692
0.000692
0.000592
0.000592
0.000492
0.000492
0.000492
0.000392
0.000292
0.000192
0.000192
0.000192
-0.000008
-0.000008
-0.000008
-0.000008
-0.000108
-0.000108
-0.000208
-0.000208
-0.000308
-0.000308
-0.000408
-0.000408
-0.000408
-0.000508
-0.000608
-0.000708
-0.000708
-0.000708
-0.000808
-0.000808
-0.000808
0.003394
0.003394
0.003394
0.003294
0.003294
0.003194
0.003194
0.003094
0.002994
0.002994
0.002794
0.002794
0.002794
0.002794
0.002794
0.002694
0.002694
0.002594
0.002594
0.002494
0.002494
0.002494
0.002394
0.002394
0.002194
0.002194
0.002194
0.002094
0.002094
0.001994
0.001994
0.001894
0.001794
0.001794
0.001694
0.001694
0.001694
0.001694
0.001594
0.001494
0.001494
0.001394
0.001194
0.001194
0.001194
0.001194
0.001194
0.001094
0.001094
0.000994
0.000994
0.000994
0.000894
0.000894
0.000694
0.000694
0.000594
0.000594
0.000594
0.000494
0.000494
0.003881
0.003881
0.003881
0.003781
0.003681
0.003681
0.003581
0.003581
0.003481
0.003481
0.003381
0.003281
0.003281
0.003281
0.003081
0.003081
0.003081
0.003081
0.002981
0.002879
0.002879
0.002879
0.002779
0.002779
0.002679
0.002679
0.002579
0.002579
0.002479
0.002479
0.002379
0.002279
0.002279
0.002279
0.002279
0.002179
0.002079
0.002079
0.001979
0.001979
0.001979
0.001879
0.001779
0.001679
0.001479
0.001679
0.001479
0.001479
0.001479
0.001379
0.001379
0.001279
0.001279
0.001279
0.001179
0.001179
0.001079
0.001079
0.001079
0.000979
0.004567
0.004567
0.004567
0.004467
0.004367
0.004367
0.004367
0.004267
0.004267
0.004167
0.004067
0.004067
0.003967
0.003967
0.003867
0.003867
0.003767
0.003767
0.003567
0.003567
0.003567
0.003467
0.003567
0.003367
0.003367
0.003367
0.003267
0.003267
0.003267
0.003167
0.003167
0.002967
0.002967
0.002967
0.002967
0.002867
0.002867
0.002767
0.002767
0.002667
0.002667
0.002567
0.002467
0.002467
0.002367
0.002367
0.002267
0.002267
0.002167
0.001967
0.001967
0.001967
0.001967
0.001967
0.001867
0.001867
0.001767
0.001767
0.001767
0.001667
0.001667
0.001667
0.001467
0.004181
0.004181
0.004181
0.004081
0.004081
0.003981
0.003981
0.003981
0.003881
0.003781
0.003781
0.003681
0.003681
0.003681
0.003681
0.003481
0.003381
0.003381
0.003181
0.003181
0.003181
0.003181
0.003181
0.003081
0.003081
0.002981
0.002981
0.002981
0.002881
0.002781
0.002781
0.002681
0.002681
0.002581
0.002481
0.002581
0.002381
0.002481
0.002381
0.002381
0.002281
0.002181
0.002081
0.002081
0.002081
0.002081
0.001981
0.001881
0.001881
0.001881
0.001781
0.001581
0.001581
0.001581
0.001581
0.001581
0.001481
0.001381
0.001381
0.001381
0.001281
0.001281
0.001281
0.001081
0.001081
0.003396
0.003396
0.003296
0.003296
0.003196
0.003196
0.003096
0.003096
0.003096
0.002996
0.002896
0.002896
0.002896
0.002796
0.002696
0.002696
0.002596
0.002596
0.002596
0.002396
0.002396
0.002396
0.002296
0.002196
0.002196
0.002196
0.002096
0.002096
0.002096
0.001996
0.001896
0.001896
0.001796
0.001796
0.001796
0.001696
0.001596
0.001596
0.001496
0.001496
0.001496
0.001396
0.001396
0.001296
0.001296
0.001296
0.001196
0.000996
0.000996
0.000896
0.000796
0.000796
0.000796
0.000796
0.000696
0.000596
0.000596
0.000596
0.000496
0.000496
0.000496
0.000396
0.000396
0.000196
0.000196
0.000196
0.004626
0.004526
0.004626
0.004526
0.004426
0.004326
0.004326
0.004326
0.004226
0.004326
0.004226
0.004026
0.003926
0.003926
0.003926
0.003926
0.003726
0.003726
0.003726
0.003726
0.003726
0.003626
0.003526
0.003526
0.003526
0.003426
0.003426
0.003326
0.003326
0.003126
0.003126
0.003126
0.003126
0.003026
0.002926
0.002926
0.002826
0.002726
0.002726
0.002726
0.002626
0.002526
0.002526
0.002526
0.002526
0.002326
0.002326
0.002326
0.002126
0.002126
0.002126
0.002126
0.002026
0.001926
0.001926
0.001926
0.001826
0.001826
0.001726
0.001726
0.001626
0.001526
0.001526
0.001526
0.001426
0.001426
0.001326
0.001326
0.001326
0.001126
0.001126
0.001126
0.003545
0.003545
0.003445
0.003445
0.003445
0.003245
0.003245
0.003245
0.003045
0.003045
0.003045
0.003045
0.002945
0.002845
0.002745
0.002845
0.002745
0.002745
0.002645
0.002645
0.002545
0.002445
0.002445
0.002345
0.002345
0.002345
0.002245
0.002245
0.002145
0.002145
0.002045
0.001945
0.001945
0.001945
0.001945
0.001845
0.001745
0.001645
0.001645
0.001645
0.001445
0.001445
0.001445
0.001345
0.001445
0.001245
0.001245
0.001245
0.001145
0.001145
0.001045
0.001045
0.000945
0.000845
0.000845
0.000845
0.000845
0.000745
0.000645
0.000645
0.000545
0.000445
0.000445
0.000445
0.000445
0.000345
0.000145
0.000245
0.000145
0.000145
0.000045
0.000045
0.003453
0.003453
0.003453
0.003453
0.003353
0.003353
0.003253
0.003253
0.003153
0.003153
0.003053
0.003053
0.002953
0.002853
0.002853
0.002853
0.002753
0.002753
0.002653
0.002653
0.002553
0.002453
0.002453
0.002453
0.002353
0.002353
0.002253
0.002253
0.002053
0.002053
0.002053
0.002053
0.001853
0.001853
0.001853
0.001853
0.001753
0.001653
0.001653
0.001653
0.001553
0.001553
0.001553
0.001453
0.001353
0.001353
0.001253
0.001153
0.001153
0.001053
0.001153
0.001053
0.000953
0.000853
0.000853
0.000853
0.000753
0.000753
0.000753
0.000653
0.000553
0.000453
0.000453
0.000453
0.000253
0.000253
0.000253
0.000253
0.000253
0.000153
0.000053
0.000053
-0.000047
-0.000147
-0.000047
-0.000147
-0.000247
-0.000247
-0.000347
-0.000347
0.002578
0.002578
0.002478
0.002478
0.002378
0.002278
0.002278
0.002278
0.002278
0.002178
0.002078
0.001978
0.001978
0.001978
0.001878
0.001878
0.001678
0.001678
0.001678
0.001678
0.001678
0.001578
0.001478
0.001378
0.001378
0.001378
0.001278
0.001278
0.001178
0.001178
0.001078
0.001078
0.000978
0.000878
0.000878
0.000878
0.000778
0.000678
0.000678
0.000578
0.000578
0.000578
0.000478
0.000478
0.000478
0.000378
0.000278
0.000078
0.000078
0.000078
0.000078
0.000078
-0.000022
-0.000122
-0.000122
-0.000122
-0.000222
-0.000222
-0.000322
-0.000322
-0.000422
-0.000522
-0.000522
-0.000522
-0.000622
-0.000722
-0.000722
-0.000722
-0.000822
-0.000922
-0.000922
-0.000922
-0.001022
-0.001022
-0.001122
-0.001122
-0.001122
-0.001222
-0.001322
-0.001522
-0.001522
-0.001522
-0.001522
-0.001522
-0.001622
-0.001622
0.001667
0.001667
0.001567
0.001567
0.001567
0.001467
0.001367
0.001267
0.001267
0.001267
0.001167
0.001167
0.001167
0.001067
0.000967
0.000867
0.000867
0.000867
0.000767
0.000767
0.000767
0.000667
0.000667
0.000567
0.000467
0.000467
0.000267
0.000267
0.000267
0.000267
0.000167
0.000067
0.000067
0.000067
-0.000033
-0.000033
-0.000033
-0.000133
-0.000333
-0.000333
-0.000333
-0.000333
-0.000433
-0.000433
-0.000533
-0.000533
-0.000633
-0.000633
-0.000733
-0.000733
-0.000733
-0.000833
-0.000833
-0.001033
-0.001033
-0.001133
-0.001333
-0.001133
-0.001333
-0.001333
-0.001333
-0.001333
-0.001433
-0.001433
-0.001533
-0.001533
-0.001633
-0.001633
-0.001733
-0.001733
-0.001833
-0.001933
-0.001933
-0.002033
-0.001933
-0.002133
-0.002133
-0.002133
-0.002333
-0.002333
-0.002333
-0.002333
-0.002433
-0.002533
-0.002433
-0.002533
-0.002733
-0.002733
-0.002733
0.001608
0.001608
0.001608
0.001608
0.001508
0.001408
0.001408
0.001408
0.001408
0.001308
0.001308
0.001208
0.001208
0.001008
0.001008
0.001008
0.001008
0.000908
0.000908
0.000908
0.000708
0.000708
0.000608
0.000608
0.000608
0.000508
0.000508
0.000408
0.000508
0.000308
0.000308
0.000208
0.000208
0.000008
0.000008
0.000008
0.000008
-0.000192
-0.000192
-0.000192
-0.000292
-0.000292
-0.000292
-0.000292
-0.000392
-0.000492
-0.000592
-0.000592
-0.000592
-0.000692
-0.000692
-0.000792
-0.000792
-0.000892
-0.000992
-0.000992
-0.000992
-0.001092
-0.001092
-0.001192
-0.001192
-0.001292
-0.001392
-0.001392
-0.001592
-0.001592
-0.001592
-0.001592
-0.001592
-0.001692
-0.001792
-0.001792
-0.001792
-0.001792
-0.001892
-0.001992
-0.001992
-0.001992
-0.002092
-0.002192
-0.002192
-0.002292
-0.002292
-0.002392
-0.002392
-0.002392
-0.002492
-0.002592
-0.002592
-0.002692
-0.002692
-0.002792
-0.002792
0.000690
-0.002892
0.000690
0.000690
0.000490
0.000490
0.000490
0.000390
0.000390
0.000290
0.000290
0.000190
0.000190
0.000190
0.000090
0.000090
-0.000110
-0.000110
-0.000110
-0.000110
-0.000110
-0.000310
-0.000310
-0.000410
-0.000510
-0.000510
-0.000510
-0.000510
-0.000610
-0.000610
-0.000710
-0.000710
-0.000710
-0.000910
-0.000910
-0.000910
-0.001110
-0.001110
-0.001110
-0.001110
-0.001110
-0.001310
-0.001310
-0.001410
-0.001410
-0.001410
-0.001510
-0.001610
-0.001610
-0.001710
-0.001710
-0.001710
-0.001810
-0.001910
-0.001910
-0.002010
-0.002010
-0.002110
-0.002210
-0.002110
-0.002210
-0.002210
-0.002410
-0.002410
-0.002410
-0.002510
-0.002510
-0.002710
-0.002710
-0.002710
-0.002710
-0.002710
-0.002910
-0.002910
-0.002910
-0.003010
-0.003010
-0.003010
-0.003110
-0.003210
-0.003210
-0.003310
-0.003310
-0.003410
-0.003410
-0.003410
-0.003510
-0.003510
-0.003610
-0.003610
-0.003710
-0.003810
-0.003710
-0.003810
-0.003810
0.000231
0.000131
0.000231
0.000131
-0.000069
-0.000069
-0.000069
-0.000069
-0.000069
-0.000169
-0.000169
-0.000269
-0.000269
-0.000369
-0.000369
-0.000369
-0.000469
-0.000469
-0.000669
-0.000669
-0.000769
-0.000769
-0.000769
-0.000869
-0.000969
-0.001069
-0.001069
-0.001069
-0.001069
-0.001169
-0.001269
-0.001269
-0.001269
-0.001269
-0.001369
-0.001469
-0.001669
-0.001669
-0.001669
-0.001669
-0.001769
-0.001769
-0.001869
-0.001869
-0.001969
-0.001969
-0.001969
-0.002169
-0.002069
-0.002169
-0.002269
-0.002269
-0.002369
-0.002369
-0.002369
-0.002469
-0.002469
-0.002569
-0.002669
-0.002669
-0.002669
-0.002769
-0.002769
-0.002869
-0.002869
-0.002969
-0.002969
-0.003069
-0.003269
-0.003269
-0.003269
-0.003269
-0.003269
-0.003369
-0.003369
-0.003469
-0.003469
-0.003569
-0.003569
-0.003669
-0.003769
-0.003869
-0.003869
-0.003869
-0.003969
-0.003969
-0.004069
-0.004069
-0.004169
-0.004069
-0.004269
-0.004269
-0.004269
-0.001382
-0.001382
-0.001382
-0.001482
-0.001582
-0.001582
-0.001682
-0.001682
-0.001882
-0.001882
-0.001882
-0.001882
-0.002082
-0.001982
-0.002082
-0.002082
-0.002182
-0.002182
-0.002182
-0.002282
-0.002382
-0.002482
-0.002482
-0.002482
-0.002582
-0.002582
-0.002682
-0.002682
-0.002782
-0.002882
-0.002882
-0.002882
-0.002982
-0.002982
-0.002982
-0.003082
-0.003082
-0.003282
-0.003282
-0.003482
-0.003482
-0.003482
-0.003482
-0.003582
-0.003482
-0.003582
-0.003682
-0.003682
-0.003782
-0.003882
-0.003882
-0.003882
-0.003982
-0.004082
-0.004082
-0.004182
-0.004182
-0.004282
-0.004182
-0.004382
-0.004382
-0.004482
-0.004482
-0.004482
-0.004482
-0.004582
-0.004682
-0.004682
-0.004882
-0.004882
-0.005082
-0.005082
-0.005082
-0.005082
-0.005082
-0.005082
-0.005182
-0.005282
-0.005282
-0.005282
-0.005382
-0.005382
-0.005382
-0.005482
-0.005582
-0.005582
