-0.007630
-0.007630
-0.007632
-0.007632
-0.007603
-0.007603
-0.007603
-0.007533
-0.007533
-0.007484
-0.007484
-0.007484
-0.007484
-0.007414
-0.007414
-0.007495
-0.007495
-0.007324
-0.007324
-0.007324
-0.007324
-0.007316
-0.007316
-0.007211
-0.007211
-0.007155
-0.007123
-0.007123
-0.007123
-0.007197
-0.007197
-0.007073
-0.007100
-0.007105
-0.007105
-0.007105
-0.007024
-0.007024
-0.007024
-0.007024
-0.007024
-0.006983
-0.006935
-0.006983
-0.006983
-0.006933
-0.006933
-0.006833
-0.006833
-0.006883
-0.006860
-0.006860
-0.006813
-0.006708
-0.006708
-0.006708
-0.006808
-0.006808
-0.006658
-0.006596
-0.006596
-0.006596
-0.006596
-0.006624
-0.006624
-0.006666
-0.006599
-0.006599
-0.006619
-0.006619
-0.006619
-0.006619
-0.006619
-0.006374
-0.006374
-0.006374
-0.006374
-0.006340
-0.006340
-0.006387
-0.006387
-0.006345
-0.006268
-0.006268
-0.006273
-0.006273
-0.006373
-0.006373
-0.006373
-0.006190
-0.006190
-0.006190
-0.006190
-0.006190
-0.006203
-0.006203
-0.006119
-0.006119
-0.006208
-0.006208
-0.006137
-0.006137
-0.006137
-0.006137
-0.006137
-0.006137
-0.006024
-0.006024
-0.006024
-0.005948
-0.005923
-0.005923
-0.005867
-0.005867
-0.005932
-0.005932
-0.005857
-0.005857
-0.005830
-0.005830
-0.005830
-0.005788
-0.005836
-0.005836
-0.005836
-0.005738
-0.005738
-0.005677
-0.005677
-0.005677
-0.005745
-0.005745
-0.005620
-0.005720
-0.005720
-0.005720
-0.005720
-0.005707
-0.005585
-0.005585
-0.005525
-0.005525
-0.005525
-0.005525
-0.005449
-0.005449
-0.005435
-0.005435
-0.005435
-0.005399
-0.005399
-0.005399
-0.005399
-0.005381
-0.005381
-0.005381
-0.005343
-0.005343
-0.005343
-0.005305
-0.005284
-0.005284
-0.005296
-0.005296
-0.005296
-0.005296
-0.005296
-0.005296
-0.005296
-0.005132
-0.005132
-0.005140
-0.005100
-0.005100
-0.005100
-0.005064
-0.005064
-0.005159
-0.005087
-0.005087
-0.005087
-0.005041
-0.005041
-0.004952
-0.004952
-0.004903
-0.004902
-0.004903
-0.004903
-0.004847
-0.004847
-0.004739
-0.004739
-0.004758
-0.004790
-0.004790
-0.004823
-0.004823
-0.004823
-0.004823
-0.004720
-0.004720
-0.004645
-0.004645
-0.004645
-0.004687
-0.004687
-0.004687
-0.004653
-0.004715
-0.004631
-0.004586
-0.004631
-0.004586
-0.004580
-0.004580
-0.004580
-0.004524
-0.004524
-0.004524
-0.004524
-0.004470
-0.004470
-0.004570
-0.004570
-0.004395
-0.004395
-0.004395
-0.004349
-0.004349
-0.004349
-0.004349
-0.004349
-0.004226
-0.004326
-0.004326
-0.004326
-0.004326
-0.004195
-0.004195
-0.004150
-0.004128
-0.004128
-0.004116
-0.004116
-0.004116
-0.004072
-0.004072
-0.004072
-0.003983
-0.004038
-0.004038
-0.004038
-0.003950
-0.003956
-0.003956
-0.003950
-0.003956
-0.003887
-0.003977
-0.003977
-0.003923
-0.003923
-0.003923
-0.003923
-0.003923
-0.003847
-0.003899
-0.003847
-0.003847
-0.003847
-0.003802
-0.003728
-0.003728
-0.003734
-0.003756
-0.003756
-0.003691
-0.003691
-0.003726
-0.003726
-0.003695
-0.003695
-0.003672
-0.003695
-0.003695
-0.003642
-0.003642
-0.003659
-0.003659
-0.003659
-0.003570
-0.003570
-0.003577
-0.003577
-0.003577
-0.003577
-0.003577
-0.003482
-0.003482
-0.003482
-0.003491
-0.003482
-0.003397
-0.003491
-0.003429
-0.003429
-0.003359
-0.003359
-0.003333
-0.003333
-0.003325
-0.003325
-0.003325
-0.003267
-0.003267
-0.003267
-0.003181
-0.003181
-0.003181
-0.003115
-0.003115
-0.003192
-0.003192
-0.003186
-0.003186
-0.003186
-0.003186
-0.003186
-0.003186
-0.003075
-0.003089
-0.003089
-0.003089
-0.003049
-0.003049
-0.003001
-0.003001
-0.002984
-0.002982
-0.002991
-0.002982
-0.002991
-0.002864
-0.002864
-0.002864
-0.002892
-0.002892
-0.002892
-0.002885
-0.002885
-0.002733
-0.002733
-0.002872
-0.002872
-0.002797
-0.002797
-0.002836
-0.002836
-0.002836
-0.002836
-0.002760
-0.002701
-0.002760
-0.002701
-0.002646
-0.002646
-0.002646
-0.002643
-0.002643
-0.002631
-0.002595
-0.002595
-0.002595
-0.002648
-0.002494
-0.002494
-0.002494
-0.002559
-0.002559
-0.002559
-0.002559
-0.002476
-0.002476
-0.002442
-0.002442
-0.002448
-0.002515
-0.002515
-0.002481
-0.002481
-0.002481
-0.002481
-0.002481
-0.002318
-0.002314
-0.002318
-0.002236
-0.002236
-0.002236
-0.002198
-0.002198
-0.002233
-0.002233
-0.002233
-0.002233
-0.002209
-0.002203
-0.002203
-0.002203
-0.002160
-0.002160
-0.002160
-0.002125
-0.002125
-0.002125
-0.002008
-0.002008
-0.002084
-0.002096
-0.002096
-0.002084
-0.002084
-0.002084
-0.002084
-0.002084
-0.001859
-0.001859
-0.001859
-0.001898
-0.001898
-0.001898
-0.001998
-0.001998
-0.001882
-0.001891
-0.001891
-0.001784
-0.001784
-0.001777
-0.001777
-0.001777
-0.001741
-0.001729
-0.001729
-0.001729
-0.001721
-0.001721
-0.001721
-0.001750
-0.001748
-0.001748
-0.001750
-0.001757
-0.001757
-0.001757
-0.001757
-0.001757
-0.001757
-0.001624
-0.001669
-0.001669
-0.001590
-0.001497
-0.001497
-0.001497
-0.001597
-0.001597
-0.001566
-0.001566
-0.001504
-0.001504
-0.001551
-0.001551
-0.001517
-0.001477
-0.001477
-0.001442
-0.001442
-0.001442
-0.001442
-0.001449
-0.001449
-0.001433
-0.001445
-0.001433
-0.001407
-0.001407
-0.001407
-0.001407
-0.001325
-0.001313
-0.001313
-0.001313
-0.001286
-0.001286
-0.001258
-0.001258
-0.001224
-0.001245
-0.001245
-0.001245
-0.001195
-0.001195
-0.001208
-0.001208
-0.001199
-0.001154
-0.001154
-0.001068
-0.001068
-0.001068
-0.001063
-0.001063
-0.001023
-0.001066
-0.001066
-0.001066
-0.001044
-0.001044
-0.001044
-0.001044
-0.000924
-0.000933
-0.000933
-0.000963
-0.000963
-0.000874
-0.000874
-0.000896
-0.000896
-0.000903
-0.000903
-0.000758
-0.000758
-0.000819
-0.000819
-0.000819
-0.000790
-0.000790
-0.000790
-0.000730
-0.000730
-0.000730
-0.000716
-0.000716
-0.000745
-0.000745
-0.000693
-0.000681
-0.000681
-0.000681
-0.000681
-0.000681
-0.000649
-0.000532
-0.000545
-0.000532
-0.000545
-0.000545
-0.000495
-0.000495
-0.000495
-0.000518
-0.000518
-0.000518
-0.000477
-0.000523
-0.000523
-0.000382
-0.000382
-0.000443
-0.000443
-0.000443
-0.000438
-0.000438
-0.000447
-0.000447
-0.000385
-0.000410
-0.000410
-0.000406
-0.000406
-0.000406
-0.000406
-0.000276
-0.000276
-0.000276
-0.000328
-0.000262
-0.000262
-0.000262
-0.000262
-0.000266
-0.000283
-0.000283
-0.000283
-0.000283
-0.000216
-0.000192
-0.000192
-0.000192
-0.000187
-0.000187
-0.000224
-0.000224
-0.000180
-0.000180
-0.000045
-0.000187
-0.000187
-0.000105
-0.000105
-0.000105
-0.000090
-0.000090
-0.000090
-0.000090
-0.000133
-0.000005
-0.000005
-0.000005
0.000022
0.000057
0.000057
0.000057
-0.000020
0.000055
0.000055
0.000090
0.000090
0.000090
0.000126
0.000126
0.000080
0.000136
0.000136
0.000136
0.000152
0.000152
0.000153
0.000153
0.000135
0.000152
0.000135
0.000164
0.000164
0.000164
0.000164
0.000164
0.000200
0.000200
0.000301
0.000301
0.000249
0.000249
0.000319
0.000319
0.000302
0.000285
0.000285
0.000285
0.000285
0.000255
0.000324
0.000341
0.000341
0.000341
0.000354
0.000354
0.000359
0.000359
0.000444
0.000444
0.000444
0.000461
0.000461
0.000461
0.000437
0.000437
0.000437
0.000437
0.000532
0.000532
0.000527
0.000527
0.000554
0.000554
0.000584
0.000584
0.000581
0.000581
0.000581
0.000581
0.000665
0.000653
0.000665
0.000653
0.000653
0.000669
0.000669
0.000669
0.000657
0.000657
0.000640
0.000640
0.000673
0.000673
0.000743
0.000743
0.000686
0.000686
0.000686
0.000686
0.000757
0.000857
0.000857
0.000857
0.000834
0.000834
0.000778
0.000823
0.000823
0.000845
0.000845
0.000845
0.000802
0.000860
0.000860
0.000860
0.000988
0.000988
0.000988
0.000988
0.000976
0.000976
0.001066
0.001066
0.000966
0.000968
0.000968
0.000968
0.000958
0.000958
0.000958
0.001016
0.001016
0.001094
0.001094
0.001094
0.001066
0.001115
0.001115
0.001099
0.001099
0.001149
0.001149
0.001213
0.001213
0.001182
0.001182
0.001153
0.001153
0.001140
0.001140
0.001235
0.001235
0.001235
0.001280
0.001210
0.001210
0.001188
0.001188
0.001206
0.001206
0.001206
0.001206
0.001206
0.001237
0.001182
0.001182
0.001294
0.001182
0.001294
0.001272
0.001272
0.001337
0.001337
0.001337
0.001372
0.001372
0.001372
0.001399
0.001386
0.001386
0.001365
0.001365
0.001365
0.001418
0.001418
0.001418
0.001398
0.001447
0.001399
0.001399
0.001399
0.001377
0.001377
0.001377
0.001377
0.001556
0.001556
0.001484
0.001572
0.001572
0.001572
0.001572
0.001627
0.001569
0.001537
0.001537
0.001537
0.001581
0.001619
0.001619
0.001605
0.001605
0.001658
0.001658
0.001658
0.001680
0.001680
0.001680
0.001647
0.001647
0.001648
0.001648
0.001664
0.001664
0.001664
0.001664
0.001664
0.001750
0.001782
0.001782
0.001782
0.001860
0.001860
0.001840
0.001840
0.001840
0.001766
0.001766
0.001836
0.001860
0.001836
0.001860
0.001860
0.001932
0.001869
0.001869
0.001869
0.001910
0.001957
0.001910
0.001957
0.001957
0.001967
0.001967
0.001928
0.001928
0.001928
0.001928
0.001928
0.002022
0.002022
0.002022
0.002039
0.002039
0.002039
0.002082
0.002082
0.002101
0.002111
0.002101
0.002101
0.002090
0.002192
0.002192
0.002192
0.002129
0.002129
0.002129
0.002129
0.002163
0.002163
0.002211
0.002211
0.002175
0.002213
0.002213
0.002213
0.002172
0.002172
0.002172
0.002198
0.002198
0.002252
0.002252
0.002342
0.002342
0.002286
0.002286
0.002286
0.002251
0.002319
0.002319
0.002335
0.002335
0.002382
0.002382
0.002405
0.002405
0.002405
0.002443
0.002443
0.002409
0.002409
0.002388
0.002388
0.002388
0.002362
0.002362
0.002389
0.002389
0.002389
0.002389
0.002474
0.002474
0.002474
0.002472
0.002472
0.002472
0.002523
0.002523
0.002523
0.002625
0.002543
0.002543
0.002487
0.002543
0.002524
0.002524
0.002524
0.002584
0.002560
0.002560
0.002560
0.002613
0.002578
0.002578
0.002578
0.002662
0.002662
0.002662
0.002662
0.002595
0.002595
0.002595
0.002595
0.002670
0.002670
0.002686
0.002682
0.002686
0.002671
0.002686
0.002671
0.002671
0.002650
0.002565
0.002565
0.002468
0.002468
0.002412
0.002412
0.002385
0.002385
0.002439
0.002439
0.002494
0.002494
0.002494
0.002394
0.002469
0.002469
0.002487
0.002490
0.002490
0.002490
0.002490
0.002490
0.002549
0.002581
0.002581
0.002513
0.002513
0.002513
0.002538
0.002538
0.002515
0.002551
0.002515
0.002551
0.002517
0.002495
0.002495
0.002495
0.002534
0.002534
0.002534
0.002534
0.002631
0.002631
0.002660
0.002583
0.002583
0.002567
0.002567
0.002567
0.002585
0.002585
0.002585
0.002585
0.002689
0.002689
0.002609
0.002671
0.002671
0.002671
0.002698
0.002698
0.002718
0.002718
0.002718
0.002718
0.002712
0.002696
0.002712
0.002712
0.002736
0.002736
0.002736
0.002736
0.002811
0.002811
0.002813
0.002709
0.002709
0.002763
0.002763
0.002689
0.002689
0.002689
0.002689
0.002761
0.002761
0.002761
0.002800
0.002800
0.002852
0.002852
0.002811
0.002811
0.002905
0.002830
0.002830
0.002801
0.002801
0.002834
0.002834
0.002892
0.002834
0.002932
0.002932
0.002932
0.002870
0.002870
0.002938
0.002938
0.002938
0.002898
0.002898
0.002896
0.002896
0.002896
0.002896
0.002896
0.002961
0.002948
0.002948
0.002948
0.002976
0.002976
0.002998
0.002998
0.002998
0.002962
0.002962
0.002962
0.003056
0.003056
0.003060
0.003060
0.002960
0.002983
0.002983
0.002983
0.002985
0.002985
0.002985
0.003054
0.002954
0.002971
0.002971
0.002971
0.003013
0.003013
0.003013
0.003013
0.003056
0.003120
0.003120
0.003120
0.003081
0.003081
0.003063
0.003063
0.003136
0.003136
0.003136
0.003136
0.003100
0.003100
0.003054
0.003054
0.003097
0.003159
0.003159
0.003159
0.003110
0.003113
0.003113
0.003249
0.003249
0.003149
0.003149
0.003151
0.003151
0.003151
0.003151
0.003151
0.003241
0.003169
0.003169
0.003169
0.003198
0.003198
0.003323
0.003323
0.003221
0.003223
0.003221
0.003263
0.003221
0.003263
0.003255
0.003255
0.003268
0.003239
0.003239
0.003239
0.003259
0.003259
0.003258
0.003258
0.003254
0.003191
0.003191
0.003237
0.003237
0.003237
0.003237
0.003237
0.003290
0.003338
0.003338
0.003338
0.003382
0.003382
0.003314
0.003314
0.003388
0.003342
0.003342
0.003385
0.003385
0.003336
0.003336
0.003336
0.003357
0.003411
0.003411
0.003411
0.003415
0.003415
0.003415
0.003419
0.003400
0.003400
0.003400
0.003377
0.003377
0.003377
0.003377
0.003492
0.003492
0.003528
0.003528
0.003474
0.003528
0.003474
0.003625
0.003625
0.003625
0.003525
0.003460
0.003460
0.003531
0.003531
0.003541
0.003533
0.003533
0.003571
0.003571
0.003571
0.003591
0.003591
0.003591
0.003612
0.003505
0.003551
0.003551
0.003517
0.003517
0.003517
0.003517
0.003627
0.003627
0.003487
0.003487
0.003487
0.003547
0.003547
0.003615
0.003615
0.003594
0.003594
0.003626
0.003626
0.003576
0.003587
0.003587
0.003587
0.003640
0.003617
0.003617
0.003617
0.003714
0.003714
0.003676
0.003619
0.003619
0.003599
0.003599
0.003599
0.003536
0.003536
0.003634
0.003634
0.003536
0.003630
0.003630
0.003630
0.003630
0.003671
0.003678
0.003678
0.003679
0.003649
0.003649
0.003666
0.003649
0.003666
0.003646
0.003646
0.003665
0.003698
0.003698
0.003671
0.003698
0.003671
0.003670
0.003670
0.003672
0.003670
0.003670
0.003670
0.003656
0.003656
0.003656
0.003656
0.003657
0.003657
0.003697
0.003697
0.003683
0.003726
0.003726
0.003726
0.003648
0.003770
0.003770
0.003770
0.003770
0.003741
0.003741
0.003741
0.003828
0.003785
0.003785
0.003785
0.003835
0.003835
0.003823
0.003823
0.003860
0.003860
0.003782
0.003782
0.003786
0.003786
0.003786
0.003786
0.003855
0.003926
0.003926
0.003900
0.003900
0.003900
0.003873
0.003900
0.003915
0.003856
0.003915
0.003856
0.003856
0.003845
0.003845
0.003845
0.003923
0.003923
0.003844
0.003844
0.003936
0.003936
0.004004
0.004004
0.003949
0.003949
0.003887
0.003850
0.003850
0.003850
0.003850
0.003850
0.003882
0.003887
0.003882
0.003882
0.003882
0.003914
0.003900
0.003900
0.003870
0.003731
0.003731
0.003731
0.003776
0.003865
0.003865
0.003865
0.003780
0.003836
0.003836
0.003836
0.003824
0.003824
0.003833
0.003833
0.003818
0.003818
0.003761
0.003761
0.003702
0.003702
0.003702
0.003702
0.003774
0.003774
0.003755
0.003792
0.003792
0.003792
0.003834
0.003834
0.003765
0.003808
0.003808
0.003775
0.003808
0.003775
0.003838
0.003764
0.003764
0.003827
0.003827
0.003827
0.003827
0.003825
0.003825
0.003825
0.003889
0.003889
0.003816
0.003816
0.003836
0.003836
0.003836
0.003866
0.003866
0.003766
0.003766
0.003766
0.003743
0.003743
0.003813
0.003813
0.003856
0.003756
0.003756
0.003756
0.003782
0.003782
0.003796
0.003796
0.003768
0.003792
0.003792
0.003792
0.003792
0.003824
0.003847
0.003824
0.003848
0.003748
0.003748
0.003748
0.003752
0.003752
0.003752
0.003752
0.003797
0.003797
0.003748
0.003748
0.003821
0.003821
0.003789
0.003812
0.003789
0.003761
0.003761
0.003761
0.003761
0.003832
0.003800
0.003832
0.003815
0.003813
0.003815
0.003815
0.003815
0.003821
0.003821
0.003852
0.003798
0.003830
0.003830
0.003830
0.003818
0.003818
0.003818
0.003818
0.003818
0.003845
0.003868
0.003817
0.003868
0.003817
0.003817
0.003844
0.003844
0.003839
0.003839
0.003839
0.003839
0.003860
0.003821
0.003821
0.003821
0.003841
0.003796
0.003855
0.003855
0.003919
0.003919
0.003919
0.003805
0.003794
0.003794
0.003794
0.003797
0.003797
0.003797
0.003797
0.003861
0.003861
0.003831
0.003831
0.003866
0.003866
0.003866
0.003794
0.003794
0.003809
0.003794
0.003809
0.003856
0.003839
0.003839
0.003839
0.003886
0.003874
0.003874
0.003874
0.003863
0.003863
0.003869
0.003869
0.003769
0.003769
0.003760
0.003760
0.003809
0.003809
0.003809
0.003809
0.003809
0.003640
0.003797
0.003640
0.003654
0.003654
0.003714
0.003714
0.003669
0.003681
0.003681
0.003681
0.003613
0.003613
0.003581
0.003581
0.003614
0.003581
0.003581
0.003581
0.003614
0.003614
0.003614
0.003597
0.003595
0.003595
0.003579
0.003517
0.003517
0.003517
0.003517
0.003517
0.003579
0.003586
0.003586
0.003586
0.003586
0.003597
0.003580
0.003580
0.003586
0.003578
0.003578
0.003578
0.003575
0.003578
0.003589
0.003589
0.003600
0.003589
0.003567
0.003567
0.003600
0.003600
0.003630
0.003630
0.003630
0.003555
0.003533
0.003533
0.003555
0.003479
0.003479
0.003479
0.003379
0.003379
0.003519
0.003519
0.003519
0.003576
0.003534
0.003534
0.003534
0.003506
0.003506
0.003515
0.003506
0.003515
0.003496
0.003496
0.003496
0.003530
0.003573
0.003573
0.003587
0.003587
0.003587
0.003582
0.003582
0.003578
0.003535
0.003535
0.003460
0.003460
0.003460
0.003460
0.003519
0.003555
0.003519
0.003555
0.003555
0.003490
0.003490
0.003573
0.003488
0.003488
0.003488
0.003488
0.003552
0.003552
0.003484
0.003484
0.003537
0.003537
0.003528
0.003528
0.003518
0.003518
0.003465
0.003517
0.003465
0.003517
0.003517
0.003496
0.003455
0.003455
0.003455
0.003455
0.003495
0.003495
0.003453
0.003453
0.003453
0.003485
0.003494
0.003494
0.003423
0.003423
0.003432
0.003432
0.003432
0.003426
0.003467
0.003467
0.003467
0.003521
0.003492
0.003492
0.003535
0.003535
0.003535
0.003475
0.003484
0.003434
0.003434
0.003434
0.003434
0.003411
0.003411
0.003411
0.003457
0.003445
0.003445
0.003445
0.003421
0.003421
0.003349
0.003349
0.003349
0.003328
0.003277
0.003277
0.003277
0.003272
0.003292
0.003292
0.003373
0.003340
0.003340
0.003340
0.003340
0.003386
0.003386
0.003337
0.003337
0.003274
0.003274
0.003274
0.003258
0.003258
0.003258
0.003258
0.003258
0.003331
0.003252
0.003252
0.003271
0.003271
0.003271
0.003314
0.003226
0.003244
0.003244
0.003219
0.003219
0.003219
0.003211
0.003211
0.003170
0.003170
0.003170
0.003197
0.003197
0.003217
0.003217
0.003181
0.003185
0.003185
0.003085
0.003085
0.003095
0.003095
0.003095
0.003095
0.003095
0.003091
0.003091
0.003091
0.003091
0.003114
0.003097
0.003097
0.003139
0.003089
0.003089
0.003089
0.003045
0.003045
0.003124
0.003124
0.003124
0.003112
0.003112
0.003112
0.003058
0.003058
0.003058
0.003147
0.003103
0.003047
0.003047
0.003057
0.003057
0.003057
0.003057
0.003050
0.003050
0.003120
0.003120
0.003120
0.003124
0.003124
0.003101
0.003101
0.003101
0.003087
0.003090
0.003090
0.003114
0.003114
0.003047
0.003047
0.003066
0.003051
0.003051
0.003051
0.003043
0.003048
0.003043
0.003048
0.003048
0.002964
0.002964
0.002964
0.002929
0.002929
0.002929
0.002929
0.002984
0.002984
0.002988
0.002988
0.003060
0.003060
0.002960
0.002960
0.002992
0.002992
0.002991
0.002991
0.002997
0.002997
0.002946
0.002946
0.002946
0.003046
0.002965
0.002965
0.002984
0.002965
0.002984
0.002984
0.002931
0.002926
0.002926
0.002926
0.002926
0.002917
0.002917
0.002917
0.002933
0.002933
0.002933
0.002933
0.002935
0.002935
0.002951
0.002951
0.002879
0.002877
0.002877
0.002877
0.002950
0.002950
0.002912
0.002912
0.002912
0.002965
0.002938
0.002938
0.002938
0.002947
0.002947
0.002892
0.002892
0.002888
0.002846
0.002846
0.002770
0.002770
0.002770
0.002770
0.002825
0.002825
0.002825
0.002874
0.002874
0.002874
0.002874
0.002874
0.002801
0.002801
0.002892
0.002892
0.002893
0.002893
0.002893
0.002838
0.002838
0.002874
0.002802
0.002802
0.002836
0.002836
0.002836
0.002844
0.002844
0.002770
0.002770
0.002770
0.002764
0.002764
0.002764
0.002764
0.002846
0.002809
0.002809
0.002809
0.002810
0.002810
0.002810
0.002824
0.002787
0.002787
0.002741
0.002741
0.002717
0.002717
0.002714
0.002714
0.002714
0.002740
0.002740
0.002740
0.002709
0.002709
0.002753
0.002713
0.002713
0.002713
0.002650
0.002602
0.002602
0.002602
0.002602
0.002602
0.002602
0.002684
0.002684
0.002684
0.002706
0.002706
0.002606
0.002606
0.002653
0.002671
0.002671
0.002671
0.002718
0.002718
0.002718
0.002685
0.002685
0.002679
0.002687
0.002687
0.002687
0.002692
0.002619
0.002619
0.002646
0.002594
0.002594
0.002594
0.002567
0.002567
0.002567
0.002659
0.002567
0.002659
0.002609
0.002609
0.002497
0.002497
0.002487
0.002487
0.002401
0.002401
0.002380
0.002380
0.002413
0.002376
0.002413
0.002376
0.002422
0.002422
0.002409
0.002409
0.002409
0.002411
0.002398
0.002406
0.002406
0.002406
0.002365
0.002365
0.002313
0.002313
0.002313
0.002313
0.002313
0.002275
0.002313
0.002313
0.002288
0.002288
0.002288
0.002299
0.002317
0.002273
0.002273
0.002231
0.002231
0.002243
0.002243
0.002243
0.002238
0.002194
0.002194
0.002194
0.002247
0.002247
0.002247
0.002245
0.002234
0.002234
0.002223
0.002146
0.002146
0.002146
0.002146
0.002146
0.002145
0.002209
0.002209
0.002176
0.002176
0.002176
0.002131
0.002131
0.002145
0.002083
0.002083
0.002083
0.002076
0.002070
0.002070
0.002070
0.002070
0.002063
0.002063
0.002063
0.002063
0.002044
0.002052
0.002052
0.002062
0.001962
0.001962
0.001903
0.001903
0.001903
0.001903
0.001903
0.001903
0.000775
0.000775
0.000775
0.001291
0.001291
0.001291
0.001686
0.001586
0.001586
0.001611
0.001617
0.001611
0.001617
0.001605
0.001605
0.001605
0.001574
0.001574
0.001574
0.001584
0.001584
0.001571
0.001559
0.001536
0.001559
0.001536
0.001536
0.001501
0.001501
0.001501
0.001501
0.001501
0.001512
0.001512
0.001512
0.001465
0.001465
0.001497
0.001497
0.001497
0.001419
0.001450
0.001450
0.001428
0.001437
0.001437
0.001437
0.001437
0.001441
0.001497
0.001441
0.001415
0.001415
0.001415
0.001415
0.001388
0.001433
0.001433
0.001433
0.001322
0.001322
0.001322
0.001322
0.001323
0.001380
0.001323
0.001323
0.001323
0.001360
0.001360
0.001381
0.001381
0.001327
0.001314
0.001314
0.001314
0.001257
0.001257
0.001280
0.001252
0.001252
0.001219
0.001235
0.001219
0.001235
0.001276
0.001276
0.001270
0.001245
0.001245
0.001211
0.001311
0.001211
0.001211
0.001211
0.001212
0.001212
0.001212
0.001169
0.001238
0.001238
0.001181
0.001181
0.001181
0.001178
0.001185
0.001185
0.001118
0.001118
0.001139
0.001139
0.001150
0.001096
0.001096
0.001096
0.001117
0.001117
0.001117
0.001169
0.001100
0.001043
0.001043
0.001043
0.000983
0.000983
0.000983
0.000983
0.000983
0.000966
0.000966
0.000966
0.000981
0.000981
0.000981
0.001031
0.001031
0.000987
0.000987
0.000987
0.000945
0.000945
0.000964
0.000964
0.000964
0.000973
0.001004
0.001004
0.001004
0.001020
0.001020
0.001039
0.001039
0.000985
0.000933
0.000933
0.000933
0.000927
0.000927
0.000927
0.000874
0.000874
0.000898
0.000898
0.000916
0.000916
0.000916
0.000880
0.000880
0.000898
0.000840
0.000840
0.000840
0.000928
0.000928
0.000871
0.000871
0.000856
0.000856
0.000856
0.000856
0.000805
0.000805
0.000842
0.000842
0.000712
0.000812
0.000712
0.000712
0.000669
0.000669
0.000669
0.000781
0.000669
0.000737
0.000737
0.000737
0.000737
0.000762
0.000762
0.000762
0.000732
0.000740
0.000740
0.000740
0.000730
0.000730
0.000739
0.000739
0.000739
0.000722
0.000634
0.000634
0.000691
0.000691
0.000710
0.000710
0.000597
0.000597
0.000597
0.000601
0.000601
0.000601
0.000601
0.000601
0.000534
0.000632
0.000632
0.000632
0.000593
0.000644
0.000593
0.000609
0.000556
0.000556
0.000556
0.000556
0.000514
0.000514
0.000490
0.000490
0.000487
0.000472
0.000472
0.000472
0.000492
0.000492
0.000533
0.000466
0.000466
0.000411
0.000411
0.000412
0.000412
0.000412
0.000412
0.000412
0.000462
0.000431
0.000431
0.000431
0.000408
0.000408
0.000490
0.000490
0.000418
0.000418
0.000373
0.000373
0.000372
0.000372
0.000395
0.000337
0.000337
0.000337
0.000327
0.000327
0.000337
0.000337
0.000337
0.000360
0.000360
0.000349
0.000304
0.000239
0.000239
0.000239
0.000239
0.000323
0.000323
0.000323
0.000267
0.000267
0.000258
0.000258
0.000258
0.000217
0.000217
0.000195
0.000195
0.000195
0.000195
0.000259
0.000184
0.000184
0.000127
0.000151
0.000127
0.000159
0.000159
0.000159
0.000107
0.000107
0.000107
0.000133
0.000133
0.000133
0.000119
0.000119
0.000119
0.000119
0.000151
0.000112
0.000112
0.000112
0.000145
0.000145
0.000145
0.000145
0.000015
0.000069
0.000069
0.000069
0.000019
0.000019
0.000020
0.000020
0.000001
-0.000031
-0.000031
-0.000031
-0.000081
-0.000081
-0.000028
-0.000028
-0.000028
-0.000085
-0.000093
-0.000093
-0.000162
-0.000162
-0.000056
-0.000150
-0.000150
-0.000150
-0.000150
-0.000122
-0.000113
-0.000122
-0.000119
-0.000113
-0.000144
-0.000144
-0.000144
-0.000150
-0.000150
-0.000202
-0.000202
-0.000244
-0.000272
-0.000272
-0.000272
-0.000255
-0.000255
-0.000275
-0.000275
-0.000275
-0.000292
-0.000340
-0.000240
-0.000340
-0.000340
-0.000340
-0.000310
-0.000310
-0.000313
-0.000313
-0.000313
-0.000345
-0.000345
-0.000361
-0.000361
-0.000345
-0.000345
-0.000345
-0.000345
-0.000371
-0.000371
-0.000359
-0.000405
-0.000405
-0.000423
-0.000423
-0.000423
-0.000417
-0.000370
-0.000370
-0.000370
-0.000480
-0.000480
-0.000480
-0.000480
-0.000535
-0.000535
-0.000535
-0.000439
-0.000439
-0.000521
-0.000521
-0.000486
-0.000486
-0.000486
-0.000416
-0.000543
-0.000543
-0.000510
-0.000510
-0.000597
-0.000597
-0.000597
-0.000604
-0.000604
-0.000616
-0.000582
-0.000582
-0.000582
-0.000596
-0.000596
-0.000608
-0.000651
-0.000651
-0.000623
-0.000717
-0.000717
-0.000717
-0.000717
-0.000717
-0.000701
-0.000701
-0.000674
-0.000674
-0.000703
-0.000703
-0.000803
-0.000803
-0.000718
-0.000718
-0.000831
-0.000831
-0.000831
-0.000755
-0.000755
-0.000755
-0.000755
-0.000777
-0.000837
-0.000837
-0.000808
-0.000808
-0.000808
-0.000795
-0.000795
-0.000797
-0.000859
-0.000859
-0.000964
-0.000964
-0.000964
-0.000964
-0.000964
-0.000941
-0.000941
-0.000941
-0.000882
-0.000882
-0.000946
-0.000943
-0.000943
-0.000939
-0.000939
-0.000939
-0.000985
-0.000985
-0.001026
-0.001026
-0.001026
-0.001063
-0.001063
-0.001063
-0.001009
-0.001009
-0.000989
-0.000989
-0.001089
-0.001189
-0.001189
-0.001189
-0.001211
-0.001211
-0.001211
-0.001211
-0.001311
-0.001195
-0.001195
-0.001195
-0.001195
-0.001136
-0.001136
-0.001136
-0.001210
-0.001210
-0.001163
-0.001163
-0.001163
-0.001236
-0.001289
-0.001289
-0.001219
-0.001219
-0.001319
-0.001319
-0.001315
-0.001315
-0.001315
-0.001231
-0.001331
-0.001331
-0.001292
-0.001371
-0.001371
-0.001371
-0.001371
-0.001371
-0.001371
-0.001370
-0.001370
-0.001370
-0.001370
-0.001393
-0.001393
-0.001337
-0.001337
-0.001420
-0.001420
-0.001410
-0.001463
-0.001467
-0.001467
-0.001467
-0.001467
-0.001456
-0.001456
-0.001456
-0.001455
-0.001455
-0.001453
-0.001453
-0.001501
-0.001531
-0.001531
-0.001531
-0.001558
-0.001558
-0.001558
-0.001558
-0.001549
-0.001549
-0.001514
-0.001514
-0.001555
-0.001555
-0.001655
-0.001655
-0.001603
-0.001603
-0.001603
-0.001603
-0.001603
-0.001553
-0.001653
-0.001653
-0.001653
-0.001630
-0.001691
-0.001691
-0.001639
-0.001639
-0.001639
-0.001684
-0.001684
-0.001665
-0.001765
-0.001765
-0.001798
-0.001798
-0.001798
-0.001798
-0.001798
-0.001738
-0.001795
-0.001795
-0.001795
-0.001795
-0.001839
-0.001836
-0.001898
-0.001871
-0.001871
-0.001971
-0.001971
-0.001971
-0.001929
-0.001929
-0.001929
-0.001919
-0.001956
-0.001956
-0.001956
-0.001908
-0.001908
-0.001995
-0.001995
-0.001995
-0.002040
-0.002040
-0.002029
-0.002029
-0.002029
-0.002029
-0.002094
-0.002094
-0.002083
-0.002083
-0.002083
-0.002030
-0.002030
-0.002062
-0.002055
-0.002055
-0.002051
-0.002051
-0.002051
-0.002098
-0.002112
-0.002112
-0.002112
-0.002101
-0.002098
-0.002098
-0.002142
-0.002142
-0.002142
-0.002135
-0.002135
-0.002185
-0.002285
-0.002285
-0.002266
-0.002266
-0.002266
-0.002266
-0.002266
-0.002250
-0.002250
-0.002229
-0.002266
-0.002266
-0.002305
-0.002305
-0.002255
-0.002355
-0.002355
-0.002355
-0.002349
-0.002364
-0.002364
-0.002364
-0.002397
-0.002417
-0.002417
-0.002417
-0.002417
-0.002327
-0.002327
-0.002389
-0.002389
-0.002472
-0.002513
-0.002472
-0.002513
-0.002513
-0.002513
-0.002513
-0.002437
-0.002437
-0.002434
-0.002434
-0.002463
-0.002463
-0.002463
-0.002460
-0.002534
-0.002532
-0.002532
-0.002479
-0.002532
-0.002535
-0.002535
-0.002535
-0.002611
-0.002546
-0.002546
-0.002546
-0.002594
-0.002594
-0.002609
-0.002609
-0.002630
-0.002731
-0.002731
-0.002722
-0.002722
-0.002722
-0.002722
-0.002662
-0.002722
-0.002662
-0.002739
-0.002739
-0.002678
-0.002678
-0.002678
-0.002753
-0.002753
-0.002711
-0.002711
-0.002711
-0.002739
-0.002709
-0.002709
-0.002709
-0.002711
-0.002790
-0.002790
-0.002790
-0.002865
-0.002865
-0.002865
-0.002820
-0.002820
-0.002869
-0.002833
-0.002896
-0.002896
-0.002896
-0.002896
-0.002896
-0.002896
-0.002930
-0.002930
-0.002930
-0.002957
-0.002957
-0.002957
-0.002911
-0.002999
-0.002999
-0.002999
-0.002999
-0.002970
-0.002970
-0.002970
-0.003022
-0.003022
-0.002965
-0.002989
-0.003053
-0.002965
-0.003053
-0.003053
-0.002982
-0.003082
-0.003082
-0.003158
-0.003158
-0.003169
-0.003169
-0.003169
-0.003169
-0.003143
-0.003169
-0.003172
-0.003172
-0.003155
-0.003155
-0.003155
-0.003146
-0.003146
-0.003226
-0.003226
-0.003226
-0.003291
-0.003261
-0.003261
-0.003261
-0.003294
-0.003294
-0.003294
-0.003294
-0.003227
-0.003227
-0.003227
-0.003232
-0.003232
-0.003332
-0.003363
-0.003366
-0.003366
-0.003366
-0.003366
-0.003366
-0.003366
-0.003332
-0.003307
-0.003307
-0.003307
-0.003310
-0.003310
-0.003356
-0.003356
-0.003378
-0.003378
-0.003378
-0.003495
-0.003495
-0.003523
-0.003523
-0.003556
-0.003556
-0.003560
-0.003554
-0.003554
-0.003554
-0.003534
-0.003534
-0.003598
-0.003598
-0.003651
-0.003651
-0.003685
-0.003685
-0.003685
-0.003685
-0.003685
-0.003616
-0.003628
-0.003628
-0.003596
-0.003596
-0.003596
-0.003649
-0.003649
-0.003694
-0.003694
-0.003694
-0.003694
-0.003657
-0.003722
-0.003722
-0.003695
-0.003695
-0.003760
-0.003760
-0.003760
-0.003731
-0.003731
-0.003730
-0.003730
-0.003794
-0.003811
-0.003873
-0.003873
-0.003873
-0.003873
-0.003873
-0.003828
-0.003876
-0.003876
-0.003876
-0.003956
-0.003956
-0.003915
-0.003915
-0.003915
-0.003885
-0.003936
-0.003936
-0.003936
-0.003963
-0.003963
-0.003903
-0.003931
-0.003975
-0.003975
-0.003975
-0.003950
-0.003950
-0.003950
-0.003948
-0.003860
-0.003946
-0.003946
-0.003946
-0.003946
-0.004052
-0.004052
-0.004052
-0.004037
-0.004052
-0.004052
-0.004044
-0.004044
-0.004044
-0.004044
-0.004044
-0.004044
-0.004028
-0.004102
-0.004102
-0.004101
-0.004101
-0.004165
-0.004165
-0.004165
-0.004138
-0.004024
-0.004024
-0.004066
-0.004066
-0.004066
-0.004157
-0.004157
-0.004155
-0.004155
-0.004155
-0.004198
-0.004198
-0.004198
-0.004198
-0.004145
-0.004145
-0.004201
-0.004201
-0.004201
-0.004183
-0.004183
-0.004183
-0.004285
-0.004285
-0.004339
-0.004339
-0.004265
-0.004265
-0.004265
-0.004235
-0.004235
-0.004273
-0.004286
-0.004286
-0.004286
-0.004308
-0.004308
-0.004332
-0.004432
-0.004374
-0.004374
-0.004404
-0.004404
-0.004404
-0.004404
-0.004404
-0.004404
-0.004389
-0.004296
-0.004296
-0.004296
-0.004392
-0.004392
-0.004387
-0.004479
-0.004479
-0.004443
-0.004443
-0.004443
-0.004369
-0.004423
-0.004423
-0.004423
-0.004370
-0.004422
-0.004422
-0.004456
-0.004456
-0.004464
-0.004464
-0.004443
-0.004543
-0.004572
-0.004572
-0.004572
-0.004572
-0.004572
-0.004572
-0.004547
-0.004575
-0.004575
-0.004575
-0.004548
-0.004548
-0.004546
-0.004546
-0.004594
-0.004594
-0.004652
-0.004652
-0.004636
-0.004636
-0.004636
-0.004615
-0.004692
-0.004690
-0.004690
-0.004690
-0.004690
-0.004664
-0.004664
-0.004661
-0.004661
-0.004747
-0.004747
-0.004747
-0.004861
-0.004861
-0.004861
-0.004861
-0.004804
-0.004804
-0.004822
-0.004822
-0.004730
-0.004730
-0.004697
-0.004697
-0.004697
-0.004797
-0.004797
-0.004802
-0.004802
-0.004802
-0.004885
-0.004885
-0.004817
-0.004804
-0.004804
-0.004804
-0.004804
-0.004843
-0.004843
-0.004887
-0.004866
-0.004866
-0.004955
-0.004989
-0.004989
-0.004989
-0.004989
-0.004989
-0.004945
-0.004945
-0.004987
-0.004987
-0.004947
-0.004947
-0.004923
-0.004923
-0.004996
-0.004944
-0.004996
-0.004996
-0.004996
-0.004934
-0.004969
-0.004969
-0.005031
-0.005031
-0.005031
-0.005031
-0.005031
-0.004990
-0.004973
-0.004973
-0.005005
-0.005005
-0.005105
-0.005105
-0.005040
-0.005040
-0.005040
-0.005040
-0.005040
-0.005016
-0.005016
-0.005016
-0.005016
-0.005044
-0.005047
-0.005047
-0.005095
-0.005116
-0.005116
-0.005116
-0.005109
-0.005109
-0.005164
-0.005164
-0.005175
-0.005195
-0.005195
-0.005195
-0.005176
-0.005176
-0.005148
-0.005176
-0.005148
-0.005205
-0.005205
-0.005205
-0.005268
-0.005268
-0.005268
-0.005268
-0.005158
-0.005158
-0.005148
-0.005148
-0.005148
-0.005231
-0.005231
-0.005252
-0.005216
-0.005301
-0.005301
-0.005301
-0.005301
-0.005254
-0.005254
-0.005254
-0.005321
-0.005321
