-0.066997
-0.067097
-0.066997
-0.067097
-0.067097
-0.067197
-0.067197
-0.067197
-0.067197
-0.067397
-0.067497
-0.067497
-0.067497
-0.067497
-0.067597
-0.067697
-0.067797
-0.067797
-0.067897
-0.067897
-0.067897
-0.067997
-0.067997
-0.067997
-0.068097
-0.068097
-0.068297
-0.068497
-0.068497
-0.068497
-0.068497
-0.068497
-0.068497
-0.068697
-0.068697
-0.068697
-0.068697
-0.068797
-0.068797
-0.068797
-0.068797
-0.068897
-0.068997
-0.069097
-0.069097
-0.069197
-0.069197
-0.069297
-0.069297
-0.069397
-0.069497
-0.069497
-0.069497
-0.069597
-0.069497
-0.069697
-0.069697
-0.021179
-0.069797
-0.021179
-0.021379
-0.021379
-0.021379
-0.021379
-0.021379
-0.021379
-0.021579
-0.021579
-0.021579
-0.021579
-0.021679
-0.021679
-0.021779
-0.021779
-0.021979
-0.021979
-0.021979
-0.021979
-0.022079
-0.022179
-0.022079
-0.022179
-0.022279
-0.022379
-0.022379
-0.022479
-0.022479
-0.022479
-0.022579
-0.022779
-0.022779
-0.022779
-0.022979
-0.022979
-0.022979
-0.022979
-0.022979
-0.023179
-0.023179
-0.023179
-0.023179
-0.023279
-0.023279
-0.023279
-0.023379
-0.023379
-0.023579
-0.023579
-0.023579
-0.023679
-0.023779
-0.023679
-0.023779
-0.023979
-0.023979
-0.023979
-0.024079
-0.023979
-0.024079
-0.024079
-0.024179
-0.024379
-0.024379
-0.024379
-0.024579
-0.024579
-0.024579
-0.024579
-0.024579
-0.024579
-0.024779
-0.024779
-0.024779
-0.024779
-0.024879
-0.024879
-0.025079
-0.025079
-0.025179
-0.025179
-0.025279
-0.025179
-0.025379
-0.025379
-0.025379
-0.025579
-0.025579
-0.025579
-0.025579
-0.025679
-0.025679
-0.025679
-0.025779
-0.025779
-0.025979
-0.026179
-0.026179
-0.026179
-0.026179
-0.026179
-0.026179
-0.026379
-0.026379
-0.026379
-0.026379
-0.026379
-0.026479
-0.026579
-0.026579
-0.026679
-0.026779
-0.026779
-0.026779
-0.026879
-0.026979
-0.026979
-0.027079
-0.026979
-0.027179
-0.027179
-0.027179
-0.027179
-0.027279
-0.027379
-0.027379
-0.027579
-0.027579
-0.027779
-0.027579
-0.027779
-0.027779
-0.027779
-0.027779
-0.027879
-0.027979
-0.027979
-0.028079
-0.027979
-0.028079
-0.028079
-0.028079
-0.028379
-0.028379
-0.028379
-0.028379
-0.028579
-0.028479
-0.028579
-0.028579
-0.028679
-0.028779
-0.028779
-0.028779
-0.028779
-0.028879
-0.028979
-0.028979
-0.029079
-0.029379
-0.029379
-0.029379
-0.029379
-0.029379
-0.029379
-0.029379
-0.029379
-0.029479
-0.029579
-0.029579
-0.029679
-0.029679
-0.029679
-0.029779
-0.029879
-0.029979
-0.029979
-0.030079
-0.029979
-0.030079
-0.030179
-0.030079
-0.030279
-0.030179
-0.030379
-0.030379
-0.030379
-0.030479
-0.030479
-0.030479
-0.030579
-0.030779
-0.030979
-0.030979
-0.030979
-0.030979
-0.030979
-0.030979
-0.031079
-0.031179
-0.031179
-0.031179
-0.031179
-0.031279
-0.031279
-0.031379
-0.031579
-0.031579
-0.031579
-0.031579
-0.031679
-0.031679
-0.031679
-0.031779
-0.031879
-0.031979
-0.031979
-0.031979
-0.032079
-0.032079
-0.032179
-0.032179
-0.032179
-0.032379
-0.032379
-0.032579
-0.032579
-0.032579
-0.032579
-0.032579
-0.032679
-0.032779
-0.032779
-0.032779
-0.032879
-0.032879
-0.032979
-0.033079
-0.033179
-0.033179
-0.033179
-0.033179
-0.033179
-0.033379
-0.033379
-0.033379
-0.033579
-0.033579
-0.033579
-0.033579
-0.033679
-0.033679
-0.033679
-0.033779
-0.033779
-0.033979
-0.033979
-0.034179
-0.034179
-0.034179
-0.034179
-0.034179
-0.034379
-0.034379
-0.034379
-0.034379
-0.034479
-0.034479
-0.034579
-0.034579
-0.034779
-0.034579
-0.034779
-0.034779
-0.034779
-0.034879
-0.034979
-0.034979
-0.034979
-0.035079
-0.035179
-0.035179
-0.035179
-0.035279
-0.035279
-0.035279
-0.035379
-0.035579
-0.035779
-0.035779
-0.035779
-0.035779
-0.035779
-0.035779
-0.035779
-0.035979
-0.035979
-0.035979
-0.036079
-0.036079
-0.036079
-0.036179
-0.036279
-0.036179
-0.036379
-0.036379
-0.036379
-0.036479
-0.036579
-0.036579
-0.036579
-0.036779
-0.036779
-0.036779
-0.036779
-0.036779
-0.036879
-0.036879
-0.036979
-0.037079
-0.037179
-0.037379
-0.037379
-0.037379
-0.037379
-0.037379
-0.037379
-0.037379
-0.037579
-0.037579
-0.037579
-0.037579
-0.037679
-0.037779
-0.037779
-0.037979
-0.037979
-0.037979
-0.037979
-0.038079
-0.037979
-0.038179
-0.038179
-0.038179
-0.038379
-0.038379
-0.038479
-0.038479
-0.038479
-0.038579
-0.038679
-0.038779
-0.038779
-0.038979
-0.038979
-0.038979
-0.038979
-0.038979
-0.039179
-0.038979
-0.039179
-0.039179
-0.039279
-0.039279
-0.039279
-0.039279
-0.039279
-0.039379
-0.039479
-0.039679
-0.039679
-0.039579
-0.039679
-0.039779
-0.039779
-0.039979
-0.039979
-0.039979
-0.039979
-0.040079
-0.040079
-0.040179
-0.040179
-0.040179
-0.040379
-0.040579
-0.040579
-0.040579
-0.040579
-0.040579
-0.040579
-0.040779
-0.040779
-0.040779
-0.040779
-0.040879
-0.040879
-0.040879
-0.040979
-0.041179
-0.041179
-0.041179
-0.041179
-0.041179
-0.041379
-0.041379
-0.041379
-0.041479
-0.041579
-0.041579
-0.041579
-0.041579
-0.041679
-0.041679
-0.041679
-0.041779
-0.042179
-0.041979
-0.042179
-0.042179
-0.042179
-0.042179
-0.042279
-0.042379
-0.042379
-0.042379
-0.042379
-0.042479
-0.042479
0.002331
0.002331
0.002231
0.002131
0.002131
0.002031
0.002031
0.001931
0.002031
0.001931
0.001731
0.001831
0.001731
0.001731
0.001731
0.001631
0.001531
0.001531
0.001331
0.001331
0.001131
0.001131
0.001131
0.001131
0.001131
0.001131
0.000931
0.000931
0.000931
0.000931
0.000831
0.000831
0.000831
0.000731
0.000731
0.000531
0.000531
0.000531
0.000431
0.000531
0.000331
0.000331
0.000331
0.000131
0.000131
0.000131
0.000031
0.000031
-0.000069
-0.000069
-0.000169
-0.000469
-0.000469
-0.000469
-0.000469
-0.000469
-0.000469
-0.000469
-0.000669
-0.000669
-0.000669
-0.000669
-0.000769
-0.000769
-0.000869
-0.000869
-0.001069
-0.001069
-0.001069
-0.001069
-0.001169
-0.001169
-0.001269
-0.001269
-0.001269
-0.001469
-0.001469
-0.001469
-0.001569
-0.001569
-0.001569
-0.001669
-0.001869
-0.001869
-0.001869
-0.002069
-0.002069
-0.002069
-0.002069
-0.002069
-0.002169
-0.002269
-0.002269
-0.002369
-0.002369
-0.002369
-0.002369
-0.002469
-0.002569
-0.002669
-0.002669
-0.002669
-0.002769
-0.002869
-0.002669
-0.002969
-0.003069
-0.003069
-0.003069
-0.003069
-0.003069
-0.003169
-0.003169
-0.003369
-0.003269
-0.003469
-0.003669
-0.003669
-0.003669
-0.003669
-0.003669
-0.003769
-0.003869
-0.003869
-0.003869
-0.003869
-0.003869
-0.003969
-0.004069
-0.004069
-0.004269
-0.004269
-0.004269
-0.004369
-0.004369
-0.004469
-0.004469
-0.004469
-0.004669
-0.004669
-0.004669
-0.004669
-0.004769
-0.004769
-0.004869
-0.004869
-0.005069
-0.005069
-0.005269
-0.005269
-0.005269
-0.005269
-0.005269
-0.005269
-0.005369
-0.005469
-0.005469
-0.005469
-0.005469
-0.005569
-0.005569
-0.005669
-0.005669
-0.005869
-0.005869
-0.005869
-0.005969
-0.006069
-0.006069
-0.006169
-0.006269
-0.006269
-0.006269
-0.006269
-0.006269
-0.006369
-0.006369
-0.006469
-0.006669
-0.006669
-0.006869
-0.006869
-0.006869
-0.006869
-0.006869
-0.006869
-0.007069
-0.007069
-0.007069
-0.007069
-0.007069
-0.007169
-0.007169
-0.007269
-0.007269
-0.007469
-0.007469
-0.007469
-0.007569
-0.007669
-0.007669
-0.007669
-0.007669
-0.007869
-0.007869
-0.007969
-0.007969
-0.007969
-0.008069
-0.008169
-0.008269
-0.008269
-0.008469
-0.008469
-0.008469
-0.008469
-0.008469
-0.008469
-0.008569
-0.008669
-0.008669
-0.008669
-0.008769
-0.008769
-0.008769
-0.008869
-0.009069
-0.009069
-0.009069
-0.009069
-0.009169
-0.009269
-0.009269
-0.009269
-0.009369
-0.009469
-0.009469
-0.009469
-0.009469
-0.009569
-0.009569
-0.009669
-0.009869
-0.009869
-0.010069
-0.010069
-0.010069
-0.010069
-0.010069
-0.010069
-0.010169
-0.010169
-0.010269
-0.010369
-0.010269
-0.010369
-0.010369
-0.010469
-0.010669
-0.010669
-0.010669
-0.010669
-0.010669
-0.010869
-0.010869
-0.010869
-0.011069
-0.011069
-0.011069
-0.011069
-0.011169
-0.011169
-0.011269
-0.011269
-0.011269
-0.011469
-0.011669
-0.011669
-0.011669
-0.011669
-0.011669
-0.011669
-0.011869
-0.011869
-0.011869
-0.011869
-0.011969
-0.011969
-0.012069
-0.012069
-0.012169
-0.012269
-0.012269
-0.012269
-0.012269
-0.012369
-0.012469
-0.012469
-0.012469
-0.012569
-0.012669
-0.012669
-0.012669
-0.012769
-0.012869
-0.012769
-0.012969
-0.013069
-0.013269
-0.013269
-0.013269
-0.013269
-0.013269
-0.013269
-0.013269
-0.013469
-0.013469
-0.013469
-0.013569
-0.013569
-0.013669
-0.013569
-0.013869
-0.013869
-0.013869
-0.013969
-0.013969
-0.014069
-0.014069
-0.014069
-0.014169
-0.014269
-0.014269
-0.014269
-0.014269
-0.014369
-0.014469
-0.014469
-0.014469
-0.014669
-0.014869
-0.014869
-0.014869
-0.014869
-0.014869
-0.014869
-0.014869
-0.014869
-0.015069
-0.015069
-0.015169
-0.015169
-0.015169
-0.015269
-0.015469
-0.015369
-0.015469
-0.015469
-0.015469
-0.015569
-0.015669
-0.015669
-0.015869
-0.015869
-0.015869
-0.015869
-0.015969
-0.015969
-0.015969
-0.015969
-0.016169
-0.016269
-0.016469
-0.016469
-0.016469
-0.016469
-0.016469
-0.016469
-0.016669
-0.016669
-0.016669
-0.016769
-0.016669
-0.016769
-0.016769
-0.016869
-0.016869
-0.017069
-0.017069
-0.017169
-0.017169
-0.017269
-0.017269
-0.017269
-0.017269
-0.017469
-0.017469
-0.017469
-0.017569
-0.017569
-0.017569
-0.017569
-0.017869
-0.017869
-0.018069
-0.017869
-0.018069
-0.018069
-0.018069
-0.018069
-0.018169
-0.018269
-0.018269
-0.018269
-0.018369
-0.018469
-0.018369
-0.018469
-0.018569
-0.018469
-0.018669
-0.018669
-0.018769
-0.018669
-0.018869
-0.018969
-0.019069
-0.019069
-0.019069
-0.019069
-0.019069
-0.019169
-0.019269
-0.019369
-0.019469
-0.019469
-0.019669
-0.019469
-0.019669
-0.019669
-0.019669
-0.019669
-0.019769
-0.019869
-0.019869
-0.019869
-0.019969
-0.019969
-0.019969
-0.020169
-0.020169
-0.020269
-0.020269
-0.020369
-0.020269
-0.020369
-0.020469
-0.020669
-0.020669
-0.020669
-0.020669
-0.020669
-0.020769
-0.020769
-0.020769
-0.020969
-0.020869
-0.021069
-0.021269
-0.021269
-0.021269
-0.021269
-0.021269
-0.021269
-0.021269
-0.021469
-0.021469
-0.021469
-0.021469
-0.021569
-0.021669
-0.021669
-0.021869
-0.021869
-0.021869
-0.021969
-0.021969
-0.021969
-0.022069
-0.022069
-0.022169
-0.022169
-0.022269
-0.022269
-0.022369
-0.022369
-0.022469
-0.022469
-0.022669
-0.022869
-0.022669
-0.022869
-0.022869
-0.022869
-0.022869
-0.022869
-0.022969
-0.023069
-0.023069
-0.023069
-0.023169
-0.023169
-0.023169
-0.023269
-0.023269
-0.023369
-0.023469
-0.023469
-0.023469
-0.023469
-0.023669
-0.023669
-0.023769
-0.023669
-0.023869
-0.023869
-0.023869
-0.023969
-0.024069
-0.024069
-0.024169
-0.024269
-0.024269
0.019204
0.019204
0.019204
0.019204
0.019204
0.019104
0.019004
0.019004
0.019004
0.018904
0.018904
0.018904
0.018804
0.018704
0.018604
0.018604
0.018604
0.018604
0.018504
0.018404
0.018404
0.018404
0.018204
0.018204
0.018204
0.018104
0.018104
0.018104
0.018004
0.017904
0.017604
0.017804
0.017604
0.017604
0.017604
0.017604
0.017604
0.017504
0.017404
0.017404
0.017404
0.017404
0.017304
0.017304
0.017204
0.017204
0.017004
0.017004
0.017004
0.016904
0.016804
0.016804
0.016804
0.016804
0.016604
0.016604
0.016604
0.016504
0.016604
0.016404
0.016404
0.016404
0.016204
0.016004
0.016004
0.016004
0.016004
0.016004
0.016004
0.015904
0.015804
0.015804
0.015804
0.015704
0.015704
0.015704
0.015504
0.015404
0.015404
0.015404
0.015404
0.015404
0.015304
0.015204
0.015204
0.015104
0.015004
0.015004
0.015004
0.014904
0.014904
0.014904
0.014804
0.014704
0.014604
0.014404
0.014404
0.014404
0.014404
0.014404
0.014404
0.014204
0.014204
0.014204
0.014104
0.014104
0.014104
0.014104
0.014004
0.013804
0.013804
0.013804
0.013804
0.013704
0.013704
0.013604
0.013604
0.013604
0.013404
0.013404
0.013304
0.013304
0.013304
0.013304
0.013204
0.013004
0.013004
0.012804
0.012804
0.012804
0.012804
0.012804
0.012704
0.012704
0.012604
0.012604
0.012604
0.012604
0.012404
0.012504
0.012504
0.012304
0.012204
0.012204
0.012204
0.012204
0.012104
0.012004
0.012004
0.011804
0.011804
0.011804
0.011804
0.011704
0.011804
0.011704
0.011604
0.011404
0.011204
0.011204
0.011204
0.011204
0.011204
0.011204
0.011204
0.011104
0.011004
0.011004
0.011004
0.010904
0.010904
0.010904
0.010904
0.010604
0.010604
0.010604
0.010604
0.010604
0.010404
0.010504
0.010404
0.010404
0.010204
0.010204
0.010204
0.010104
0.010104
0.010004
0.010004
0.010004
0.009804
0.009604
0.009604
0.009604
0.009604
0.009604
0.009404
0.009404
0.009404
0.009404
0.009404
0.009304
0.009304
0.009104
0.009104
0.009004
0.009004
0.009004
0.008804
0.008804
0.008904
0.008804
0.008804
0.008604
0.008604
0.008604
0.008604
0.008604
0.008504
0.008504
0.008404
0.008304
0.008204
0.008004
0.008004
0.008004
0.008004
0.008004
0.008004
0.007804
0.007804
0.007804
0.007804
0.007804
0.007704
0.007604
0.007604
0.007604
0.007404
0.007404
0.007404
0.007404
0.007304
0.007204
0.007104
0.007004
0.007004
0.007004
0.007004
0.007004
0.006904
0.006804
0.006804
0.006604
0.006704
0.006604
0.006404
0.006404
0.006404
0.006404
0.006404
0.006404
0.006204
0.006204
0.006204
0.006204
0.006104
0.006104
0.006004
0.005804
0.005804
0.005804
0.005804
0.005804
0.005704
0.005604
0.005604
0.005604
0.005504
0.005404
0.005404
0.005304
0.005304
0.005204
0.005104
0.005004
0.005004
0.004804
0.004804
0.004804
0.004804
0.004804
0.004804
0.004604
0.004604
0.004604
0.004604
0.004504
0.004504
0.004504
0.004304
0.004204
0.004204
0.004204
0.004204
0.004204
0.004104
0.004004
0.004004
0.004004
0.003804
0.003804
0.003804
0.003804
0.003704
0.003704
0.003604
0.003404
0.003404
0.003204
0.003204
0.003204
0.003204
0.003204
0.003104
0.003104
0.003004
0.003004
0.003004
0.002904
0.002904
0.002804
0.002804
0.002804
0.002604
0.002604
0.002604
0.002504
0.002504
0.002404
0.002404
0.002304
0.002204
0.002204
0.002204
0.002204
0.002104
0.002004
0.002004
0.002004
0.001804
0.001604
0.001604
0.001604
0.001604
0.001604
0.001604
0.001604
0.001404
0.001404
0.001404
0.001404
0.001304
0.001204
0.001204
0.001004
0.001004
0.001004
0.001004
0.000904
0.000904
0.000804
0.000804
0.000704
0.000604
0.000604
0.000604
0.000504
0.000504
0.000404
0.000404
0.000304
0.000204
0.000004
0.000004
0.000004
0.000004
0.000004
0.000004
-0.000196
-0.000196
-0.000196
-0.000196
-0.000296
-0.000296
-0.000296
-0.000296
-0.000296
-0.000496
-0.000596
-0.000596
-0.000596
-0.000696
-0.000796
-0.000796
-0.000896
-0.000996
-0.000996
-0.000996
-0.000996
-0.001096
-0.001196
-0.001196
-0.001396
-0.001396
-0.001596
-0.001596
-0.001596
-0.001596
-0.001596
-0.001596
-0.001596
-0.001796
-0.001796
-0.001796
-0.001796
-0.001796
-0.001896
-0.001996
-0.002196
-0.002196
-0.002196
-0.002196
-0.002196
-0.002296
-0.002396
-0.002396
-0.002596
-0.002596
-0.002596
-0.002596
-0.002596
-0.002696
-0.002696
-0.002796
-0.002896
-0.002996
-0.003196
-0.003196
-0.003196
-0.003196
-0.003196
-0.003296
-0.003396
-0.003396
-0.003396
-0.003396
-0.003396
-0.003496
-0.003596
-0.003596
-0.003596
-0.003796
-0.003796
-0.003796
-0.003796
-0.003896
-0.003996
-0.003996
-0.003996
-0.004196
-0.004196
-0.004196
-0.004196
-0.004196
-0.004296
-0.004396
-0.004396
-0.004596
-0.004796
-0.004796
-0.004796
-0.004796
-0.004796
-0.004796
-0.004796
-0.004996
-0.004996
-0.005096
-0.005096
-0.005096
-0.005096
-0.005196
-0.005196
-0.005396
-0.005396
-0.005396
-0.005496
-0.005596
-0.005596
-0.005596
-0.005596
-0.005796
-0.005796
-0.005796
-0.005896
-0.005896
-0.005896
-0.005996
-0.006096
-0.006196
0.029039
0.029039
0.029039
0.029039
0.029039
0.029039
0.028839
0.028839
0.028839
0.028839
0.028739
0.028739
0.028739
0.028639
0.028439
0.028539
0.028439
0.028439
0.028439
0.028339
0.028339
0.028239
0.028139
0.028039
0.028039
0.028039
0.027939
0.027939
0.027939
0.027839
0.027739
0.027639
0.027439
0.027439
0.027439
0.027439
0.027439
0.027439
0.027439
0.027239
0.027239
0.027239
0.027239
0.027139
0.027139
0.027139
0.027039
0.026839
0.026839
0.026839
0.026839
0.026739
0.026639
0.026639
0.026639
0.026439
0.026439
0.026439
0.026339
0.026339
0.026339
0.026239
0.026239
0.025839
0.025839
0.025839
0.025839
0.025839
0.025839
0.025839
0.025839
0.025639
0.025639
0.025639
0.025539
0.025539
0.025539
0.025439
0.025439
0.025239
0.025239
0.025239
0.025139
0.025239
0.025039
0.025039
0.025039
0.024839
0.024839
0.024839
0.024839
0.024739
0.024639
0.024639
0.024639
0.024639
0.024239
0.024239
0.024239
0.024239
0.024239
0.024039
0.024039
0.024039
0.024039
0.024039
0.024039
0.023939
0.023939
0.023839
0.023839
0.023639
0.023639
0.023639
0.023639
0.023539
0.023439
0.023439
0.023239
0.023239
0.023239
0.023239
0.023239
0.023139
0.023139
0.023039
0.023039
0.022639
0.022639
0.022639
0.022639
0.022639
0.022639
0.022639
0.022439
0.022439
0.022439
0.022439
0.022339
0.022339
0.022239
0.022239
0.022239
0.022039
0.022039
0.022039
0.021939
0.021939
0.021839
0.021839
0.021639
0.021639
0.021639
0.021639
0.021539
0.021539
0.021539
0.021439
0.021339
0.021039
0.021039
0.021039
0.021039
0.021039
0.021039
0.021039
0.021039
0.020839
0.020839
0.020839
0.020839
0.020739
0.020739
0.020639
0.020539
0.020439
0.020439
0.020439
0.020439
0.020239
0.020239
0.020239
0.020039
0.020039
0.020039
0.019939
0.020039
0.020039
0.019939
0.019839
0.019839
0.019639
0.019439
0.019439
0.019439
0.019439
0.019439
0.019439
0.019239
0.019239
0.019239
0.019239
0.019139
0.019139
0.019039
0.019039
0.018939
0.018839
0.018839
0.018839
0.018739
0.018739
0.018639
0.018639
0.018639
0.018439
0.018439
0.018439
0.018439
0.018339
0.018339
0.018239
0.018039
0.018039
0.018039
0.018039
0.017839
0.017839
0.017839
0.017839
0.017839
0.017639
0.017639
0.017539
0.017539
0.017639
0.017439
0.017439
0.017439
0.017239
0.017239
0.017239
0.017239
0.017139
0.017039
0.016939
0.016839
0.016839
0.016839
0.016839
0.016739
0.016739
0.016739
0.016639
0.016739
0.016239
0.016239
0.016239
0.016239
0.016239
0.016239
0.016239
0.016239
0.016039
0.016039
0.016039
0.015939
0.015939
0.015939
0.015839
0.015839
0.015839
0.015639
0.015639
0.015539
0.015539
0.015439
0.015439
0.015439
0.015239
0.015239
0.015239
0.015139
0.015139
0.015139
0.015139
0.014839
0.014839
0.014639
0.014639
0.014639
0.014639
0.014639
0.014639
0.014639
0.014439
0.014439
0.014439
0.014439
0.014339
0.014339
0.014239
0.014139
0.014039
0.014039
0.014039
0.014039
0.013939
0.013839
0.013839
0.013839
0.013639
0.013639
0.013639
0.013539
0.013539
0.013539
0.013439
0.013439
0.013339
0.013039
0.013039
0.013039
0.013039
0.013039
0.013039
0.013039
0.012839
0.012839
0.012839
0.012839
0.012739
0.012739
0.012639
0.012539
0.012439
0.012439
0.012439
0.012339
0.012339
0.012239
0.012239
0.012039
0.012039
0.012039
0.012039
0.011939
0.011939
0.011939
0.011839
0.011839
0.011639
0.011439
0.011439
0.011439
0.011439
0.011439
0.011439
0.011239
0.011339
0.011239
0.011239
0.011139
0.011139
0.011139
0.011039
0.010839
0.010839
0.010839
0.010839
0.010739
0.010739
0.010639
0.010639
0.010639
0.010439
0.010439
0.010439
0.010439
0.010339
0.010239
0.010139
0.010239
0.010039
0.010039
0.009839
0.009839
0.009839
0.009839
0.009839
0.009739
0.009639
0.009639
0.009639
0.009639
0.009539
0.009539
0.009439
0.009439
0.009339
0.009239
0.009239
0.009239
0.009039
0.009039
0.009039
0.008839
0.008939
0.008839
0.008839
0.008739
0.008739
0.008739
0.008739
0.008539
0.008439
0.008439
0.008239
0.008239
0.008239
0.008239
0.008239
0.008039
0.008039
0.008039
0.008039
0.008039
0.007939
0.007839
0.007839
0.007639
0.007639
0.007639
0.007639
0.007539
0.007539
0.007439
0.007439
0.007339
0.007239
0.007239
0.007239
0.007139
0.007139
0.007139
0.007039
0.006939
0.006839
0.006639
0.006639
0.006639
0.006639
0.006639
0.006639
0.006439
0.006439
0.006439
0.006439
0.006339
0.006339
0.006339
0.006339
0.006239
0.006039
0.006039
0.005939
0.005939
0.005939
0.005839
0.005839
0.005639
0.005639
0.005639
0.005639
0.005539
0.005539
0.005439
0.005439
0.005439
0.005339
0.005039
0.005039
0.005039
0.005039
0.005039
0.005039
0.005039
0.004839
0.004839
0.004839
0.004839
0.037322
0.037322
0.037222
0.037222
0.037122
0.037022
0.037022
0.037022
0.036922
0.036822
0.036822
0.036822
0.036622
0.036622
0.036622
0.036522
0.036522
0.036522
0.036522
0.036222
0.036222
0.036022
0.036022
0.036022
0.036022
0.036022
0.036022
0.035922
0.035822
0.035822
0.035822
0.035722
0.035722
0.035722
0.035722
0.035522
0.035522
0.035422
0.035422
0.035422
0.035422
0.035222
0.035222
0.035222
0.035022
0.035022
0.035022
0.035022
0.034922
0.034922
0.034822
0.034622
0.034622
0.034622
0.034422
0.034422
0.034422
0.034422
0.034422
0.034422
0.034322
0.034222
0.034122
0.034222
0.034122
0.034022
0.034022
0.033822
0.033822
0.033822
0.033822
0.033722
0.033622
0.033722
0.033622
0.033622
0.033422
0.033422
0.033422
0.033422
0.033322
0.033322
0.033222
0.033022
0.033022
0.032822
0.032822
0.032822
0.032822
0.032822
0.032822
0.032722
0.032622
0.032622
0.032622
0.032522
0.032522
0.032522
0.032422
0.032222
0.032222
0.032222
0.032222
0.032222
0.032122
0.032022
0.032022
0.032022
0.031822
0.031822
0.031822
0.031822
0.031722
0.031722
0.031622
0.031622
0.031422
0.031222
0.031222
0.031222
0.031222
0.031222
0.031222
0.031122
0.031022
0.031022
0.031022
0.031022
0.030922
0.030922
0.030822
0.030822
0.030622
0.030622
0.030622
0.030522
0.030422
0.030522
0.030422
0.030322
0.030222
0.030222
0.030222
0.030222
0.030122
0.030122
0.030022
0.030022
0.030022
0.029622
0.029622
0.029622
0.029622
0.029622
0.029622
0.029622
0.029422
0.029422
0.029422
0.029322
0.029322
0.029322
0.029222
0.029222
0.029022
0.029022
0.029022
0.028922
0.028922
0.028822
0.028822
0.028622
0.028622
0.028622
0.028622
0.028522
0.028522
0.028522
0.028522
0.028322
0.028222
0.028022
0.028022
0.028022
0.028022
0.028022
0.028022
0.027922
0.027822
0.027822
0.027822
0.027722
0.027722
0.027722
0.027522
0.027522
0.027422
0.027422
0.027422
0.027322
0.027322
0.027222
0.027222
0.027222
0.027022
0.027022
0.027022
0.027022
0.026922
0.026922
0.026822
0.026822
0.026422
0.026422
0.026422
0.026422
0.026422
0.026422
0.026422
0.026422
0.026222
0.026222
0.026222
0.026122
0.026222
0.026022
0.026022
0.025822
0.025822
0.025822
0.025822
0.025822
0.025822
0.025622
0.025622
0.025622
0.025422
0.025422
0.025422
0.025322
0.025322
0.025322
0.025222
0.025222
0.025022
0.025022
0.024822
0.024822
0.024822
0.024822
0.024822
0.024722
0.024622
0.024622
0.024622
0.024622
0.024522
0.024522
0.024422
0.024222
0.024322
0.024222
0.024222
0.024122
0.024022
0.024022
0.024022
0.024022
0.024022
0.023922
0.023822
0.023822
0.023722
0.023722
0.023722
0.023622
0.023422
0.023222
0.023222
0.023222
0.023222
0.023222
0.023222
0.023122
0.023022
0.023022
0.023022
0.022922
0.022922
0.022922
0.022922
0.022822
0.022722
0.022622
0.022622
0.022522
0.022622
0.022522
0.022422
0.022322
0.022222
0.022222
0.022222
0.022222
0.022122
0.022122
0.022122
0.021922
0.021922
0.021822
0.021622
0.021622
0.021622
0.021622
0.021622
0.021622
0.021422
0.021422
0.021422
0.021422
0.021322
0.021322
0.021222
0.021022
0.021022
0.021022
0.021022
0.021022
0.020922
0.020922
0.020822
0.020622
0.020822
0.020622
0.020622
0.020522
0.020522
0.020422
0.020522
0.020322
0.020222
0.020022
0.020022
0.020022
0.020022
0.020022
0.019822
0.020022
0.019822
0.019822
0.019722
0.019822
0.019722
0.019622
0.019622
0.019522
0.019422
0.019422
0.019422
0.019322
0.019322
0.019322
0.019222
0.019122
0.019022
0.019022
0.019022
0.018922
0.018922
0.018922
0.018922
0.018822
0.018822
0.018422
0.018422
0.018422
0.018422
0.018422
0.018422
0.018422
0.018222
0.018222
0.018222
0.018222
0.018122
0.018122
0.018122
0.018022
0.017822
0.017822
0.017822
0.017822
0.017722
0.017622
0.017622
0.017622
0.017622
0.017422
0.017422
0.017422
0.017322
0.017322
0.017222
0.017222
0.017122
0.017022
0.016822
0.016822
0.016822
0.016822
0.016822
0.016822
0.016822
0.016622
0.016622
0.016622
0.016622
0.016522
0.016522
0.016422
0.016222
0.016222
0.016222
0.016222
0.016122
0.016122
0.016122
0.016022
0.015822
0.015822
0.015822
0.015822
0.015722
0.015722
0.015722
0.015622
0.015422
0.015422
0.015222
0.015222
0.015222
0.015222
0.015222
0.015222
0.015222
0.015022
0.015022
0.015022
0.014922
0.014922
0.014922
0.014822
0.014822
0.014622
0.014622
0.014622
0.014522
0.014422
0.014422
0.014422
0.014422
0.014222
0.014222
0.014222
0.014222
0.014122
0.014122
0.014022
0.014022
0.013622
0.013622
0.013622
0.013622
0.013622
0.013622
0.013622
0.013522
0.013422
0.013422
0.013422
0.013322
0.013322
0.013222
0.013222
0.013122
0.013022
0.013022
0.013022
0.012922
0.012822
0.012822
0.012722
0.012822
0.012622
0.012622
0.012622
0.012522
0.012522
0.012522
0.012522
0.012422
0.012222
0.012022
0.012022
0.012022
0.012022
0.012022
0.012022
0.011922
0.011822
0.011822
0.011822
0.011822
0.011722
0.011722
0.011622
0.011622
0.011422
0.011422
0.011422
0.011322
0.011222
0.011222
0.011222
0.040551
0.040551
0.040551
0.040551
0.040551
0.040451
0.040351
0.040351
0.040151
0.040151
0.039951
0.039951
0.039951
0.039951
0.039951
0.039951
0.039851
0.039751
0.039751
0.039751
0.039751
0.039651
0.039651
0.039551
0.039551
0.039451
0.039351
0.039351
0.039351
0.039251
0.039151
0.039151
0.039151
0.039151
0.038951
0.038951
0.038951
0.038851
0.038851
0.038751
0.038551
0.038551
0.038551
0.038351
0.038351
0.038351
0.038351
0.038351
0.038251
0.038151
0.038151
0.038151
0.038151
0.038051
0.038051
0.038051
0.037751
0.037751
0.037751
0.037751
0.037651
0.037751
0.037651
0.037351
0.037351
0.037351
0.037351
0.037351
0.037351
0.037251
0.037251
0.037151
0.037151
0.036751
0.036951
0.036751
0.036751
0.036751
0.036751
0.036751
0.036751
0.036551
0.036551
0.036551
0.036551
0.036451
0.036451
0.036351
0.036351
0.036151
0.036151
0.036151
0.036151
0.036051
0.035951
0.035951
0.035851
0.035751
0.035751
0.035751
0.035751
0.035651
0.035651
0.035551
0.035551
0.035451
0.035151
0.035151
0.035151
0.035151
0.035151
0.035151
0.035051
0.034951
0.034951
0.034951
0.034851
0.034851
0.034851
0.034751
0.034551
0.034551
0.034551
0.034551
0.034551
0.034451
0.034351
0.034251
0.034351
0.034351
0.034151
0.034151
0.034151
0.034051
0.034051
0.033951
0.033851
0.033751
0.033551
0.033551
0.033551
0.033551
0.033551
0.033551
0.033551
0.033451
0.033351
0.033351
0.033351
0.033251
0.033151
0.033151
0.033151
0.032951
0.032951
0.032951
0.032851
0.032851
0.032851
0.032751
0.032651
0.032551
0.032551
0.032551
0.032551
0.032451
0.032351
0.032351
0.032351
0.032151
0.032151
0.031951
0.031951
0.031951
0.031951
0.031951
0.031951
0.031851
0.031751
0.031751
0.031651
0.031751
0.031651
0.031551
0.031551
0.031351
0.031351
0.031351
0.031351
0.031251
0.031151
0.031251
0.031151
0.030951
0.030951
0.030951
0.030951
0.030951
0.030851
0.030751
0.030751
0.030551
0.030351
0.030351
0.030351
0.030351
0.030351
0.030351
0.030251
0.030151
0.030151
0.030151
0.030051
0.030051
0.030051
0.029851
0.030051
0.029751
0.029751
0.029751
0.029651
0.029551
0.029551
0.029551
0.029351
0.029351
0.029351
0.029351
0.029251
0.029251
0.029251
0.029151
0.029151
0.028951
0.028751
0.028751
0.028751
0.028751
0.028751
0.028751
0.028551
0.028551
0.028551
0.028551
0.028451
0.028451
0.028351
0.028351
0.028151
0.028251
0.028151
0.028151
0.028051
0.028051
0.027951
0.027951
0.027951
0.027751
0.027751
0.027751
0.027651
0.027651
0.027751
0.027551
0.027351
0.027451
0.027151
0.027151
0.027151
0.027151
0.027151
0.027151
0.027151
0.027151
0.026951
0.026951
0.026951
0.026851
0.026751
0.026851
0.026751
0.026551
0.026551
0.026551
0.026551
0.026451
0.026351
0.026351
0.026351
0.026151
0.026151
0.026151
0.026151
0.026051
0.026051
0.025951
0.025951
0.025751
0.025751
0.025551
0.025551
0.025551
0.025551
0.025551
0.025551
0.025351
0.025351
0.025351
0.025251
0.025251
0.025251
0.025151
0.025051
0.024951
0.024951
0.024951
0.024851
0.024851
0.024751
0.024751
0.024751
0.024551
0.024551
0.024551
0.024551
0.024451
0.024451
0.024351
0.024351
0.024151
0.023951
0.023951
0.023951
0.023951
0.023951
0.023951
0.023951
0.023751
0.023751
0.023751
0.023751
0.023651
0.023651
0.023551
0.023651
0.023351
0.023351
0.023351
0.023251
0.023251
0.023251
0.023151
0.023051
0.022951
0.022951
0.022951
0.022851
0.022851
0.022751
0.022751
0.022751
0.022551
0.022351
0.022551
0.022351
0.022351
0.022351
0.022351
0.022151
0.022251
0.022151
0.022151
0.022051
0.022051
0.021951
0.021951
0.021751
0.021751
0.021751
0.021751
0.021651
0.021551
0.021551
0.021551
0.021351
0.021351
0.021351
0.021351
0.021351
0.021251
0.021151
0.021151
0.020751
0.020951
0.020751
0.020751
0.020751
0.020751
0.020751
0.020751
0.020751
0.020651
0.020551
0.020551
0.020451
0.020551
0.020451
0.020351
0.020151
0.020151
0.020151
0.020151
0.020151
0.020151
0.019951
0.019951
0.019751
0.019751
0.019751
0.019751
0.019751
0.019651
0.019551
0.019651
0.019351
0.019351
0.019151
0.019151
0.019151
0.019151
0.019151
0.019151
0.019051
0.018951
0.018951
0.018951
0.018951
0.018851
0.018851
0.018851
0.018751
0.018551
0.018551
0.018551
0.018551
0.018451
0.018351
0.018351
0.018251
0.018151
0.018151
0.018151
0.018151
0.018051
0.018051
0.017951
0.017851
0.017551
0.017551
0.017551
0.017551
0.017551
0.017551
0.017551
0.017451
0.017351
0.017351
0.017351
0.017251
0.017251
0.017251
0.017251
0.017051
0.016951
0.016951
0.016951
0.016951
0.016851
0.016751
0.016751
0.016651
0.016551
0.016551
0.016551
0.016551
0.016451
0.016451
0.016251
0.016351
0.016151
0.016151
0.015951
0.015951
0.015951
0.015951
0.015951
0.015851
0.015751
0.015751
0.015751
0.015751
0.015651
0.015651
0.015551
0.015551
0.015351
0.015351
0.015351
0.015351
0.015251
0.015151
0.015151
0.015051
0.014951
0.014951
0.014951
0.014951
0.014951
0.014851
0.014751
0.014751
0.014551
0.014551
0.014351
0.014351
0.014351
0.014351
0.014351
0.014351
0.014251
0.014151
0.014151
0.014151
0.014051
0.014051
0.014051
0.013951
0.013851
0.013751
0.013751
0.013751
0.013651
0.013651
0.013551
0.013551
0.013451
0.013351
0.013351
0.013351
0.013251
0.013251
0.013151
0.013151
0.038972
0.038772
0.038772
0.038772
0.038772
0.038772
0.038772
0.038772
0.038572
0.038572
0.038572
0.038472
0.038472
0.038472
0.038472
0.038372
0.038372
0.038172
0.038172
0.038172
0.038072
0.038072
0.037972
0.037972
0.037972
0.037772
0.037772
0.037772
0.037672
0.037672
0.037572
0.037572
0.037372
0.037372
0.037172
0.037172
0.037172
0.037172
0.037172
0.037172
0.036972
0.036972
0.036972
0.036872
0.036872
0.036872
0.036772
0.036572
0.036572
0.036572
0.036572
0.036572
0.036572
0.036372
0.036372
0.036172
0.036172
0.036172
0.036172
0.036072
0.036072
0.036072
0.035972
0.035972
0.035772
0.035572
0.035572
0.035572
0.035572
0.035572
0.035572
0.035572
0.035572
0.035572
0.035372
0.035372
0.035272
0.035272
0.035272
0.035172
0.034972
0.034972
0.034972
0.034972
0.034872
0.034872
0.034772
0.034672
0.034572
0.034572
0.034572
0.034572
0.034472
0.034472
0.034372
0.034172
0.034372
0.034172
0.033972
0.033972
0.033972
0.033972
0.033972
0.033972
0.033772
0.033772
0.033772
0.033772
0.033672
0.033672
0.033572
0.033572
0.033372
0.033372
0.033372
0.033372
0.033172
0.033172
0.033172
0.033172
0.032972
0.032972
0.032972
0.032972
0.032872
0.032872
0.032772
0.032672
0.032372
0.032572
0.032372
0.032372
0.032372
0.032372
0.032372
0.032372
0.032172
0.032172
0.032172
0.032172
0.032072
0.032072
0.032072
0.031972
0.031772
0.031772
0.031772
0.031772
0.031572
0.031572
0.031572
0.031472
0.031572
0.031372
0.031372
0.031272
0.031272
0.031272
0.031272
0.031172
0.030972
0.030772
0.030972
0.030772
0.030772
0.030772
0.030772
0.030772
0.030572
0.030572
0.030572
0.030572
0.030472
0.030472
0.030372
0.030372
0.030372
0.030172
0.030172
0.030172
0.030172
0.030072
0.029972
0.029772
0.029772
0.029772
0.029772
0.029772
0.029672
0.029572
0.029672
0.029472
0.029472
0.029372
0.029172
0.029172
0.029172
0.029172
0.029172
0.029172
0.028972
0.028972
0.028972
0.028972
0.028972
0.028772
0.028772
0.028572
0.028572
0.028572
0.028572
0.028572
0.028472
0.028472
0.028372
0.028372
0.028172
0.028172
0.028172
0.028172
0.028072
0.028072
0.028072
0.027872
0.027872
0.027572
0.027572
0.027572
0.027572
0.027572
0.027572
0.027472
0.027372
0.027372
0.027372
0.027272
0.027272
0.027272
0.027272
0.027172
0.026972
0.026972
0.026972
0.026972
0.026972
0.026872
0.026772
0.026572
0.026672
0.026572
0.026572
0.026572
0.026572
0.026472
0.026372
0.026372
0.026372
0.026172
0.025972
0.025972
0.025972
0.025972
0.025972
0.025972
0.025872
0.025772
0.025772
0.025672
0.025672
0.025672
0.025572
0.025372
0.025372
0.025372
0.025372
0.025372
0.025272
0.025172
0.025172
0.025072
0.025072
0.024972
0.024972
0.024972
0.024872
0.024872
0.024872
0.024772
0.024672
0.024772
0.024372
0.024372
0.024372
0.024372
0.024372
0.024372
0.024172
0.024172
0.024272
0.024072
0.024072
0.024072
0.024072
0.023772
0.023772
0.023772
0.023772
0.023772
0.023672
0.023572
0.023572
0.023572
0.023372
0.023372
0.023372
0.023372
0.023272
0.023272
0.023272
0.023172
0.023072
0.022972
0.022772
0.022772
0.022772
0.022772
0.022672
0.022772
0.022572
0.022572
0.022572
0.022572
0.022572
0.022472
0.022472
0.022472
0.022172
0.022172
0.022172
0.022172
0.022172
0.021972
0.021972
0.021972
0.021972
0.021872
0.021972
0.021772
0.021772
0.021672
0.021572
0.021672
0.021572
0.021472
0.021172
0.021172
0.021172
0.021172
0.021172
0.021172
0.021072
0.020972
0.020972
0.020972
0.020972
0.020872
0.020872
0.020772
0.020772
0.020572
0.020572
0.020572
0.020572
0.020372
0.020472
0.020372
0.020372
0.020372
0.020172
0.020172
0.020172
0.020072
0.020072
0.019972
0.019972
0.019872
0.019572
0.019572
0.019572
0.019572
0.019572
0.019572
0.019572
0.019372
0.019372
0.019372
0.019372
0.019272
0.019272
0.019272
0.019072
0.018972
0.018972
0.018972
0.018972
0.018872
0.018772
0.018772
0.018672
0.018572
0.018572
0.018572
0.018572
0.018472
0.018472
0.018372
0.018372
0.018172
0.018172
0.017972
0.017972
0.017972
0.017972
0.017972
0.017972
0.017772
0.017772
0.017772
0.017772
0.017672
0.017672
0.017672
0.017372
0.017672
0.017372
0.017372
0.017372
0.017272
0.017272
0.017172
0.017172
0.016972
0.016972
0.016972
0.016972
0.016872
0.016872
0.016772
0.016772
0.016672
0.016372
0.016372
0.016372
0.016372
0.016372
0.016372
0.016372
0.016272
0.016172
0.016172
0.016172
0.016172
0.016072
0.015972
0.015872
0.015772
0.015772
0.015772
0.015872
0.015772
0.015572
0.015672
0.015572
0.015572
0.015372
0.015372
0.015272
0.015272
0.015272
0.015172
0.014972
0.014972
0.014772
0.014772
0.014772
0.014772
0.014772
0.014772
0.014772
0.014672
0.014572
0.014572
0.014572
0.014472
0.014472
0.014472
0.014372
0.014172
0.014172
0.014172
0.014172
0.014072
0.014072
0.013972
0.013972
0.013972
0.013772
0.013772
0.013772
0.013672
0.013672
0.013672
0.013572
0.013372
0.013372
0.013172
0.013172
0.013172
0.013172
0.013172
0.013172
0.013072
0.012972
0.012972
0.012872
0.012872
0.012872
0.012772
0.012772
0.012572
0.012572
0.012572
0.012472
0.012472
0.012472
0.012372
0.012372
0.012372
0.012172
0.012172
0.012172
0.012172
0.012072
0.012072
0.011872
0.011772
0.011572
0.011572
0.011572
0.011572
0.011572
0.011572
0.011572
0.011572
0.011572
0.011372
0.011372
0.011272
0.011272
0.011272
0.011072
0.010972
0.010972
0.010972
0.010972
0.010972
0.010872
0.010772
0.010772
0.010572
0.010572
0.010572
0.010572
0.010472
0.010472
0.010372
0.010372
0.010172
0.010172
0.009972
0.009972
0.009972
0.009972
0.009972
0.009872
0.009872
0.009772
0.009772
0.009772
0.009672
0.009672
0.009672
0.009572
0.009372
0.009372
0.009372
0.009372
0.009372
0.009272
0.009172
0.009172
0.009172
0.008972
0.008972
0.008872
0.008872
0.008872
0.008772
0.008572
0.008572
0.008372
0.008372
0.008372
0.008372
0.008372
0.008372
0.008372
0.008172
0.008172
0.008172
0.008072
0.008072
0.008072
0.007972
0.007972
0.007772
0.007772
0.007772
0.007772
0.007672
0.007572
0.007572
0.007572
0.007372
0.007372
0.007372
0.007372
0.007272
0.007272
0.007172
0.007172
0.007172
0.006772
0.006772
0.006772
0.006772
0.006772
0.006772
0.006672
0.006572
0.006572
0.006572
0.006572
0.006572
0.006472
0.006372
0.006372
0.006172
0.006172
0.006172
0.032496
0.032396
0.032396
0.032396
0.032396
0.032196
0.032196
0.032196
0.032196
0.032196
0.032096
0.031996
0.031896
0.031796
0.031796
0.031796
0.031596
0.031596
0.031596
0.031596
0.031496
0.031396
0.031396
0.031396
0.031396
0.031296
0.031296
0.031296
0.031196
0.030996
0.030996
0.030996
0.030996
0.030896
0.030796
0.030796
0.030596
0.030596
0.030596
0.030596
0.030496
0.030496
0.030496
0.030396
0.030496
0.030196
0.029996
0.029996
0.029996
0.029996
0.029996
0.029996
0.029996
0.029996
0.029796
0.029796
0.029796
0.029696
0.029696
0.029596
0.029596
0.029496
0.029396
0.029396
0.029296
0.029296
0.029196
0.029296
0.028996
0.028996
0.028996
0.028996
0.028996
0.028896
0.028896
0.028796
0.028796
0.028596
0.028596
0.028396
0.028396
0.028396
0.028396
0.028396
0.028396
0.028196
0.028196
0.028196
0.028196
0.028096
0.028096
0.027996
0.027796
0.027796
0.027796
0.027796
0.027796
0.027696
0.027596
0.027596
0.027496
0.027396
0.027396
0.027396
0.027296
0.027296
0.027296
0.027196
0.027196
0.026796
0.026996
0.026996
0.026796
0.026796
0.026796
0.026796
0.026796
0.026696
0.026596
0.026596
0.026596
0.026496
0.026496
0.026396
0.026396
0.026196
0.026196
0.026196
0.026196
0.026196
0.025996
0.025996
0.025896
0.025796
0.025796
0.025796
0.025696
0.025696
0.025696
0.025696
0.025596
0.025396
0.025196
0.025196
0.025196
0.025196
0.025196
0.025196
0.024996
0.024996
0.024996
0.024996
0.024896
0.024896
0.024896
0.024796
0.024796
0.024696
0.024596
0.024596
0.024596
0.024496
0.024496
0.024396
0.024396
0.024196
0.024196
0.024196
0.024196
0.024196
0.024096
0.023996
0.023996
0.023796
0.023796
0.023596
0.023596
0.023596
0.023596
0.023596
0.023396
0.023396
0.023396
0.023396
0.023296
0.023396
0.023296
0.023196
0.022996
0.022996
0.022996
0.022996
0.022996
0.022896
0.022796
0.022796
0.022796
0.022596
0.022596
0.022596
0.022496
0.022496
0.022496
0.022396
0.022396
0.022196
0.021996
0.021996
0.021996
0.021996
0.021996
0.021996
0.021896
0.021896
0.021796
0.021796
0.021696
0.021596
0.021696
0.021696
0.021396
0.021696
0.021396
0.021396
0.021396
0.021296
0.021196
0.021196
0.021196
0.020996
0.020996
0.020996
0.020996
0.020896
0.020896
0.020796
0.020696
0.020696
0.020396
0.020396
0.020396
0.020396
0.020396
0.020396
0.020196
0.020196
0.020196
0.020196
0.020196
0.020096
0.020096
0.019996
0.019796
0.019796
0.019796
0.019796
0.019696
0.019696
0.019596
0.019596
0.019596
0.019396
0.019396
0.019396
0.019396
0.019296
0.019396
0.019196
0.018996
0.018996
0.018796
0.018996
0.018796
0.018796
0.018796
0.018796
0.018696
0.018696
0.018596
0.018596
0.018596
0.018496
0.018496
0.018396
0.018196
0.018196
0.018196
0.018196
0.018196
0.018096
0.017996
0.017896
0.017996
0.017796
0.017796
0.017796
0.017796
0.017696
0.017596
0.017796
0.017596
0.017396
0.017196
0.017196
0.017196
0.017196
0.017196
0.017196
0.016996
0.016996
0.016996
0.016996
0.016996
0.016896
0.016896
0.016796
0.016796
0.016596
0.016596
0.016596
0.016496
0.016496
0.016496
0.016396
0.016196
0.016196
0.016196
0.016196
0.016196
0.016196
0.016096
0.015996
0.015796
0.015996
0.015596
0.015596
0.015596
0.015596
0.015596
0.015596
0.015496
0.015496
0.015396
0.015396
0.015396
0.015296
0.015196
0.015196
0.015096
0.015096
0.014996
0.014996
0.014996
0.014796
0.014796
0.014796
0.014696
0.014796
0.014596
0.014596
0.014596
0.014496
0.014596
0.014496
0.014396
0.014196
0.013996
0.013996
0.013996
0.013996
0.013996
0.013996
0.013996
0.013996
0.013796
0.013796
0.013796
0.013696
0.013696
0.013596
0.013596
0.013496
0.013396
0.013396
0.013296
0.013296
0.013196
0.013196
0.013196
0.012996
0.012996
0.012996
0.012996
0.012996
0.012896
0.012796
0.012696
0.012596
0.012396
0.012396
0.012396
0.012396
0.012396
0.012396
0.012396
0.012196
0.012196
0.012196
0.012196
0.012096
0.012096
0.012196
0.011896
0.011796
0.011796
0.011796
0.011796
0.011696
0.011596
0.011596
0.011596
0.011396
0.011396
0.011396
0.011296
0.011296
0.011296
0.011196
0.011196
0.010996
0.010796
0.010796
0.010796
0.010796
0.010796
0.010796
0.010596
0.010596
0.010696
0.010596
0.010496
0.010496
0.010496
0.010496
0.010396
0.010296
0.010196
0.010196
0.010096
0.010096
0.009996
0.009996
0.009996
0.009796
0.009796
0.009796
0.009796
0.009696
0.009696
0.009596
0.009496
0.009396
0.009196
0.009196
0.009196
0.009196
0.009196
0.009196
0.009096
0.008996
0.008996
0.008996
0.008896
0.008896
0.008896
0.008896
0.008796
0.008596
0.008596
0.008596
0.008596
0.008496
0.008396
0.008396
0.008296
0.008196
0.008196
0.008196
0.008196
0.008096
0.008096
0.008096
0.007996
0.007796
0.007596
0.007596
0.007596
0.007596
0.007596
0.007596
0.007596
0.007496
0.007396
0.007396
0.007296
0.007296
0.007196
0.007196
0.007196
0.006996
0.006996
0.006996
0.006996
0.006896
0.006796
0.006796
0.006796
0.006596
0.006596
0.006596
0.006596
0.006596
0.006496
0.006396
0.006296
0.006196
0.006196
0.005996
0.005996
0.005996
0.005996
0.005996
0.005996
0.005796
0.005796
0.005796
0.005696
0.005696
0.005696
0.005596
0.005596
0.005396
0.005396
0.005396
0.005296
0.005296
0.005196
0.005296
0.005196
0.004996
0.004996
0.004996
0.004896
0.004896
0.004896
0.004896
0.004796
0.004796
0.004596
0.004396
0.004396
0.004396
0.004396
0.004296
0.004196
0.004296
0.004196
0.004196
0.004196
0.004096
0.004096
0.003996
0.003996
0.003996
0.003796
0.003796
0.003696
0.003696
0.003796
0.003596
0.003396
0.003396
0.003396
0.003396
0.003396
0.003396
0.003296
0.003296
0.003196
0.003196
0.003096
0.002796
0.002796
0.002796
0.002796
0.002796
0.002796
0.002596
0.002596
0.002596
0.002596
0.002496
0.002496
0.002396
0.002196
0.002196
0.002396
0.002196
0.002196
0.002096
0.001996
0.001996
0.001996
0.001796
0.001796
0.001796
0.001796
0.001796
0.001696
0.001696
0.001596
0.001396
0.001396
0.001396
0.001196
0.001196
0.001196
0.001196
0.001196
0.001096
0.000996
0.000996
0.000996
0.000996
0.000896
0.000896
0.000796
0.000796
0.000596
0.000596
0.000596
0.000396
0.000396
0.000396
0.000396
0.016705
0.016705
0.016705
0.016705
0.016605
0.016605
0.016605
0.016505
0.016305
0.016105
0.016105
0.016105
0.016105
0.016105
0.016105
0.016105
0.015905
0.015905
0.015905
0.015905
0.015805
0.015805
0.015705
0.015605
0.015705
0.015505
0.015505
0.015505
0.015405
0.015305
0.015305
0.015205
0.015105
0.015105
0.015105
0.015005
0.015005
0.015005
0.015005
0.014905
0.014505
0.014505
0.014505
0.014505
0.014505
0.014505
0.014505
0.014305
0.014305
0.014405
0.014305
0.014305
0.014305
0.014205
0.014105
0.014205
0.014105
0.013905
0.013905
0.013905
0.013805
0.013805
0.013705
0.013705
0.013505
0.013505
0.013505
0.013505
0.013505
0.013405
0.013405
0.013305
0.013105
0.013305
0.012905
0.012905
0.012905
0.012905
0.012905
0.012905
0.012705
0.012705
0.012705
0.012705
0.012605
0.012605
0.012605
0.012505
0.012405
0.012305
0.012305
0.012305
0.012305
0.012205
0.012105
0.012105
0.012105
0.011905
0.011905
0.011905
0.011805
0.011805
0.011805
0.011805
0.011605
0.011505
0.011305
0.011305
0.011305
0.011305
0.011305
0.011305
0.011205
0.011105
0.011105
0.011005
0.011105
0.011005
0.011005
0.010905
0.010705
0.010705
0.010705
0.010705
0.010605
0.010705
0.010505
0.010505
0.010305
0.010305
0.010305
0.010305
0.010305
0.010205
0.010205
0.010105
0.010105
0.010005
0.009905
0.009705
0.009705
0.009705
0.009705
0.009705
0.009605
0.009505
0.009505
0.009405
0.009505
0.009405
0.009405
0.009405
0.009205
0.009105
0.009105
0.009105
0.009105
0.009005
0.008905
0.008905
0.008905
0.008805
0.008705
0.008705
0.008705
0.008605
0.008605
0.008605
0.008505
0.008305
0.008105
0.008105
0.008105
0.008105
0.008105
0.008105
0.008105
0.007905
0.007905
0.007905
0.007805
0.007805
0.007805
0.007805
0.007705
0.007505
0.007505
0.007505
0.007505
0.007405
0.007305
0.007305
0.007105
0.007105
0.007105
0.007105
0.007105
0.007105
0.007005
0.007005
0.006905
0.006905
0.006705
0.006505
0.006505
0.006505
0.006505
0.006505
0.006505
0.006305
0.006305
0.006305
0.006305
0.006205
0.006205
0.006205
0.006105
0.006005
0.005905
0.005905
0.005805
0.005705
0.005705
0.005705
0.005705
0.005505
0.005505
0.005505
0.005505
0.005405
0.005405
0.005405
0.005305
0.004905
0.004905
0.004905
0.004905
0.004905
0.004905
0.004905
0.004905
0.004705
0.004705
0.004705
0.004605
0.004605
0.004605
0.004605
0.004505
0.004305
0.004305
0.004305
0.004305
0.004205
0.004105
0.004105
0.004105
0.003905
0.003905
0.003905
0.003905
0.003805
0.003805
0.003705
0.003705
0.003305
0.003305
0.003305
0.003305
0.003305
0.003305
0.003305
0.003305
0.003105
0.003105
0.003105
0.003105
0.003105
0.003005
0.002905
0.002905
0.002805
0.002705
0.002705
0.002605
0.002605
0.002505
0.002505
0.002505
0.002505
0.002305
0.002305
0.002305
0.002205
0.002205
0.002105
0.002105
0.002105
0.002005
0.001705
0.001705
0.001705
0.001705
0.001705
0.001705
0.001505
0.001505
0.001505
0.001405
0.001405
0.001405
0.001305
0.001105
0.001105
0.001105
0.001105
0.001005
0.000905
0.001005
0.000905
0.000905
0.000705
0.000705
0.000705
0.000705
0.000605
0.000605
0.000505
0.000405
0.000105
0.000105
0.000105
0.000105
0.000105
0.000105
0.000105
0.000105
-0.000095
-0.000095
-0.000095
-0.000095
-0.000195
-0.000195
-0.000195
-0.000295
-0.000395
-0.000495
-0.000495
-0.000495
-0.000595
-0.000695
-0.000695
-0.000695
-0.000795
-0.000895
-0.000895
-0.000995
-0.000995
-0.000995
-0.000995
-0.001095
-0.001295
-0.001495
-0.001495
-0.001495
-0.001495
-0.001495
-0.001495
-0.001695
-0.001695
-0.001695
-0.001695
-0.001795
-0.001795
-0.001895
-0.001895
-0.001995
-0.002095
-0.002095
-0.002095
-0.002095
-0.002195
-0.002295
-0.002295
-0.002295
-0.002495
-0.002495
-0.002495
-0.002495
-0.002595
-0.002695
-0.002695
-0.002895
-0.003095
-0.003095
-0.003095
-0.003095
-0.003095
-0.003095
-0.003095
-0.003095
-0.003295
-0.003295
-0.003295
-0.003295
-0.003395
-0.003395
-0.003495
-0.003495
-0.003695
-0.003695
-0.003695
-0.003695
-0.003795
-0.003895
-0.003895
-0.003895
-0.004095
-0.004095
-0.004095
-0.004095
-0.004095
-0.004195
-0.004195
-0.004295
-0.004695
-0.004695
-0.004695
-0.004695
-0.004695
-0.004695
-0.004695
-0.004795
-0.004695
-0.004895
-0.004895
-0.004895
-0.004995
-0.004995
-0.004995
-0.005095
-0.005295
-0.005295
-0.005295
-0.005295
-0.005395
-0.005495
-0.005495
-0.005495
-0.005695
-0.005695
-0.005695
-0.005695
-0.005795
-0.005795
-0.005795
-0.005895
-0.006095
-0.006295
-0.006295
-0.006295
-0.006295
-0.006295
-0.006295
-0.006295
-0.006495
-0.006495
-0.006495
-0.006495
-0.006495
-0.006495
-0.006695
-0.006695
-0.006795
-0.006895
-0.006895
-0.006895
-0.006995
-0.007095
-0.007095
-0.007095
-0.007295
-0.007295
-0.007295
-0.007295
-0.007295
-0.007395
-0.007495
-0.007495
-0.007495
-0.007895
-0.007895
-0.007895
-0.007895
-0.007895
-0.007895
-0.007895
-0.007895
-0.008095
-0.008095
-0.008095
-0.008195
-0.008195
-0.008295
-0.008295
-0.008395
-0.008495
-0.008495
-0.008595
-0.008595
-0.008695
-0.008695
-0.008695
-0.008895
-0.008895
-0.008895
-0.008895
-0.008995
-0.008995
-0.009095
-0.009095
-0.009095
-0.009495
-0.009495
-0.009495
-0.009495
-0.009495
-0.009495
-0.009495
-0.009695
-0.009695
-0.009695
-0.009795
-0.009795
-0.009795
-0.009895
-0.009895
-0.009895
-0.010095
-0.010095
-0.010195
-0.010095
-0.010195
-0.010295
-0.010295
-0.010495
-0.010495
-0.010495
-0.010495
-0.010495
-0.010595
-0.010695
-0.010695
-0.010695
-0.011095
-0.011095
-0.011095
-0.011095
-0.011095
-0.011095
-0.011095
-0.011095
-0.011295
-0.011295
-0.011395
-0.011395
-0.011395
-0.011495
-0.011695
-0.011695
-0.011695
-0.011695
-0.011695
-0.011695
-0.011895
-0.011895
-0.011895
-0.012095
-0.012095
-0.012095
-0.012195
-0.012195
-0.012195
-0.012295
-0.012395
-0.012395
-0.012695
-0.012695
-0.012695
-0.012695
-0.012695
-0.012695
-0.012895
-0.012895
-0.012895
-0.012895
-0.012895
-0.012895
-0.012995
-0.013095
-0.013095
-0.013295
-0.013295
-0.013295
-0.013295
-0.013395
-0.013495
-0.013495
-0.013495
-0.013695
-0.013695
-0.013695
-0.013795
-0.013795
-0.013795
-0.013795
-0.013895
-0.014095
-0.014295
-0.014295
-0.014295
-0.014295
-0.014295
-0.014295
-0.014495
-0.014495
-0.014495
-0.014495
-0.014595
-0.014595
-0.014595
-0.014695
-0.014695
-0.014895
-0.014895
-0.014895
-0.014895
-0.014995
-0.015095
-0.015095
-0.015095
-0.015195
-0.015295
-0.015295
-0.015395
-0.015395
-0.015395
-0.015395
-0.015495
-0.015895
-0.015895
-0.015895
-0.015895
-0.015895
-0.015895
-0.015895
-0.015895
-0.016095
-0.016095
-0.016095
-0.016095
-0.016195
-0.016195
-0.016195
-0.016395
-0.016495
-0.016495
-0.016495
-0.016595
-0.016595
-0.016595
-0.016695
-0.016795
-0.016895
-0.016895
-0.016895
-0.016895
-0.016895
-0.017095
-0.017095
-0.017195
-0.017495
-0.017295
-0.017495
-0.017495
-0.017495
-0.017495
-0.017495
-0.017495
-0.017695
-0.017695
-0.017695
-0.017795
-0.017795
-0.017795
-0.017895
-0.017995
-0.017995
-0.018095
-0.018095
-0.018095
-0.018095
-0.018295
-0.018295
-0.018295
-0.018495
-0.018495
-0.018495
-0.018495
-0.018595
-0.018595
-0.018595
-0.018695
-0.018895
-0.019095
-0.019095
-0.019095
-0.019095
-0.019095
-0.019095
-0.019095
-0.019095
-0.019295
-0.019295
-0.019295
-0.019395
-0.019395
-0.019495
-0.019495
-0.019695
-0.019695
-0.019695
-0.019795
-0.019795
-0.019795
-0.019895
-0.019895
-0.019895
-0.020095
-0.020095
-0.020095
-0.020195
-0.020195
-0.020195
-0.020295
-0.020395
-0.020695
-0.020695
-0.020695
-0.020695
-0.020695
-0.020695
-0.020695
-0.020695
-0.020895
-0.020895
-0.020895
-0.020995
-0.020995
-0.020995
-0.021095
-0.021295
-0.021295
-0.021295
-0.021295
-0.021395
-0.021495
-0.021495
-0.021495
-0.021595
-0.021695
-0.021695
-0.021795
-0.021795
-0.021795
-0.021795
-0.021995
-0.021995
-0.022295
-0.022295
-0.022295
-0.022295
-0.022295
-0.022295
-0.022295
-0.022495
-0.022495
-0.022495
-0.022495
-0.022495
-0.022595
-0.022695
-0.022895
-0.022895
-0.022895
-0.022895
-0.022895
-0.022995
-0.023095
-0.023095
-0.023095
-0.023295
-0.023295
-0.023295
-0.023295
-0.023395
-0.023395
-0.023395
-0.023495
-0.023495
-0.023695
-0.023895
-0.023895
-0.023895
-0.023895
-0.023895
-0.023895
-0.024095
-0.024095
-0.024095
-0.024195
-0.024195
-0.024195
-0.024295
-0.024495
-0.024395
-0.024495
-0.024495
-0.024595
-0.024595
-0.024595
-0.024695
-0.024795
-0.024695
-0.024895
-0.024895
-0.024895
-0.024995
-0.024995
-0.024995
-0.025195
-0.025495
-0.025495
-0.025495
-0.025495
-0.025495
-0.025495
-0.025495
-0.025495
-0.025695
-0.025695
-0.025695
-0.025695
-0.025795
-0.025795
-0.025895
-0.025795
-0.026095
-0.026095
-0.026095
-0.026095
-0.026095
-0.026295
-0.026295
-0.026395
-0.026495
-0.026495
-0.026495
-0.026495
-0.026495
-0.026595
-0.026695
-0.026695
-0.026895
-0.027095
-0.027095
-0.027095
-0.027095
-0.027095
-0.027095
-0.027095
-0.027295
-0.027295
-0.027295
-0.027395
-0.027395
-0.027395
-0.027495
-0.027495
-0.027695
-0.027695
-0.027695
-0.027695
-0.027695
-0.027895
-0.027895
-0.027895
-0.028095
-0.028095
-0.028095
-0.028095
-0.028195
-0.028095
-0.028295
-0.028295
-0.028395
-0.028695
-0.028695
-0.028695
-0.028695
-0.028695
-0.028695
-0.028695
-0.028695
-0.028895
-0.028895
-0.028895
-0.028895
-0.029095
-0.029095
-0.029195
-0.029095
-0.029295
-0.029295
-0.029295
-0.029395
-0.029495
-0.029495
-0.029495
-0.029695
-0.029695
-0.029695
-0.029795
-0.029695
-0.029795
-0.029795
-0.029895
-0.029995
-0.030095
-0.030295
-0.030295
-0.030295
-0.030295
-0.030295
-0.030295
-0.030495
-0.030495
-0.030495
-0.030495
-0.030595
-0.030595
-0.030595
-0.030795
-0.030895
-0.030895
-0.030895
-0.030895
-0.030995
-0.031095
-0.031095
-0.031095
-0.031195
-0.031295
-0.031295
-0.031295
-0.031295
-0.031395
-0.031495
-0.031495
-0.031695
-0.031895
-0.031895
-0.031895
-0.031895
-0.031895
-0.031895
-0.031895
-0.031995
-0.032095
-0.032095
-0.032095
-0.032195
-0.032195
-0.032195
-0.032195
-0.032295
-0.032495
-0.032495
-0.032495
-0.032595
-0.032595
-0.032695
-0.032895
-0.032895
-0.032895
-0.032895
-0.032995
-0.032995
-0.032995
-0.033095
-0.033095
-0.033295
-0.033495
-0.033495
-0.033495
-0.033495
-0.033495
-0.033495
-0.033495
-0.033595
-0.033695
-0.033695
-0.033695
-0.033795
-0.033895
-0.033895
-0.033895
-0.033995
-0.034095
-0.034095
-0.034195
-0.034195
0.002143
0.002143
0.002143
0.002043
0.001943
0.001943
0.001943
0.001943
0.001843
0.001743
0.001743
0.001643
0.001343
0.001343
0.001343
0.001343
0.001343
0.001343
0.001343
0.001243
0.001143
0.001143
0.001143
0.001043
0.001043
0.000943
0.000943
0.000743
0.000743
0.000743
0.000743
0.000643
0.000543
0.000543
0.000543
0.000343
0.000343
0.000343
0.000343
0.000343
0.000243
0.000243
0.000143
-0.000057
-0.000257
-0.000257
-0.000257
-0.000257
-0.000257
-0.000257
-0.000257
-0.000257
-0.000457
-0.000457
-0.000557
-0.000557
-0.000557
-0.000657
-0.000657
-0.000657
-0.000857
-0.000857
-0.000857
-0.000857
-0.000957
-0.001057
-0.001057
-0.001257
-0.001257
-0.001257
-0.001257
-0.001257
-0.001357
-0.001357
-0.001457
-0.001657
-0.001657
-0.001857
-0.001857
-0.001857
-0.001857
-0.001857
-0.001857
-0.002057
-0.002057
-0.002057
-0.002057
-0.002057
-0.002157
-0.002157
-0.002257
-0.002457
-0.002457
-0.002457
-0.002457
-0.002457
-0.002557
-0.002657
-0.002857
-0.002657
-0.002857
-0.002857
-0.002957
-0.002957
-0.002957
-0.003057
-0.003057
-0.003057
-0.003457
-0.003457
-0.003457
-0.003457
-0.003457
-0.003457
-0.003457
-0.003457
-0.003657
-0.003657
-0.003657
-0.003757
-0.003657
-0.003757
-0.003857
-0.003857
-0.004057
-0.004057
-0.004057
-0.004057
-0.004257
-0.004257
-0.004257
-0.004457
-0.004457
-0.004457
-0.004457
-0.004557
-0.004557
-0.004557
-0.004657
-0.004857
-0.004857
-0.005057
-0.005057
-0.005057
-0.005057
-0.005057
-0.005157
-0.005257
-0.005257
-0.005257
-0.005357
-0.005357
-0.005457
-0.005457
-0.005357
-0.005457
-0.005657
-0.005657
-0.005657
-0.005657
-0.005857
-0.005857
-0.005857
-0.006057
-0.006057
-0.006057
-0.006057
-0.006157
-0.006157
-0.006157
-0.006357
-0.006257
-0.006657
-0.006657
-0.006657
-0.006657
-0.006657
-0.006657
-0.006657
-0.006657
-0.006857
-0.006857
-0.006857
-0.006857
-0.006957
-0.006957
-0.007057
-0.007257
-0.007157
-0.007257
-0.007257
-0.007357
-0.007357
-0.007457
-0.007457
-0.007457
-0.007657
-0.007657
-0.007657
-0.007757
-0.007757
-0.007757
-0.007857
-0.007957
-0.008057
-0.008257
-0.008257
-0.008257
-0.008257
-0.008257
-0.008457
-0.008257
-0.008457
-0.008457
-0.008457
-0.008557
-0.008557
-0.008657
-0.008657
-0.008757
-0.008857
-0.008857
-0.008857
-0.008857
-0.008957
-0.009057
-0.009057
-0.009057
-0.009257
-0.009257
-0.009257
-0.009257
-0.009357
-0.009457
-0.009457
-0.009557
-0.009857
-0.009857
-0.009857
-0.009857
-0.009857
-0.009857
-0.009857
-0.010057
-0.010057
-0.010057
-0.010057
-0.010157
-0.010157
-0.010257
-0.010457
-0.010357
-0.010457
-0.010457
-0.010457
-0.010457
-0.010557
-0.010657
-0.010657
-0.010857
-0.010857
-0.010857
-0.010857
-0.010957
-0.010957
-0.010957
-0.011057
-0.011257
-0.011457
-0.011457
-0.011457
-0.011457
-0.011457
-0.011457
-0.011457
-0.011557
-0.011557
-0.011657
-0.011657
-0.011757
-0.011757
-0.011757
-0.011857
-0.011857
-0.012057
-0.012057
-0.012057
-0.012057
-0.012057
-0.012257
-0.012257
-0.012257
-0.012457
-0.012457
-0.012457
-0.012557
-0.012557
-0.012557
-0.012557
-0.012857
-0.013057
-0.013057
-0.013057
-0.013057
-0.013057
-0.013057
-0.013057
-0.013257
-0.013257
-0.013257
-0.013357
-0.013357
-0.013357
-0.013357
-0.013457
-0.013657
-0.013657
-0.013657
-0.013657
-0.013757
-0.013757
-0.013857
-0.013957
-0.013857
-0.014057
-0.014057
-0.014057
-0.014157
-0.014157
-0.014257
-0.014257
-0.014457
-0.014657
-0.014657
-0.014657
-0.014657
-0.014657
-0.014657
-0.014657
-0.014757
-0.014757
-0.014857
-0.014857
-0.014957
-0.014957
-0.014957
-0.015057
-0.015257
-0.015257
-0.015257
-0.015257
-0.015257
-0.015357
-0.015457
-0.015457
-0.015457
-0.015657
-0.015657
-0.015757
-0.015757
-0.015757
-0.015857
-0.015857
-0.016057
-0.016257
-0.016257
-0.016257
-0.016257
-0.016257
-0.016257
-0.016257
-0.016457
-0.016457
-0.016357
-0.016457
-0.016557
-0.016557
-0.016657
-0.016757
-0.016857
-0.016857
-0.016857
-0.016957
-0.017057
-0.016957
-0.017057
-0.017057
-0.017257
-0.017257
-0.017257
-0.017257
-0.017257
-0.017357
-0.017457
-0.017557
-0.017657
-0.017857
-0.017857
-0.017857
-0.017857
-0.017857
-0.017857
-0.017857
-0.017857
-0.018057
-0.018057
-0.018057
-0.018157
-0.018057
-0.018157
-0.018257
-0.018457
-0.018457
-0.018457
-0.018557
-0.018557
-0.018657
-0.018657
-0.018757
-0.018857
-0.018857
-0.018857
-0.018957
-0.018957
-0.018957
-0.018957
-0.019057
-0.019457
-0.019457
-0.019457
-0.019457
-0.019457
-0.019457
-0.019557
-0.019657
-0.019657
-0.019657
-0.019657
-0.019657
-0.019757
-0.019757
-0.019857
-0.019857
-0.019857
-0.020057
-0.020057
-0.020157
-0.020057
-0.020157
-0.020257
-0.020257
-0.020457
-0.020457
-0.020457
-0.020457
-0.020557
-0.020557
-0.020657
-0.020657
-0.020757
-0.021057
-0.021057
-0.021057
-0.021057
-0.021057
-0.021057
-0.021057
-0.021257
-0.021257
-0.021157
-0.021257
-0.021357
-0.021357
-0.021357
-0.021457
-0.021657
-0.021657
-0.021657
-0.021657
-0.021757
-0.021857
-0.021857
-0.022057
-0.022057
-0.022057
-0.022057
-0.022057
-0.022157
-0.022157
-0.022257
-0.022157
-0.022657
-0.022657
-0.022657
-0.022657
-0.022657
-0.022657
-0.022657
-0.022657
-0.022857
-0.022857
-0.022857
-0.022857
-0.022957
-0.022957
-0.023057
-0.023057
-0.023057
-0.023257
-0.023257
-0.023257
-0.023357
-0.023457
-0.023457
-0.023457
-0.023657
-0.023657
-0.023657
-0.023657
-0.023757
-0.023757
-0.023857
-0.023957
-0.024057
-0.024257
-0.024257
-0.024257
-0.024257
-0.024257
-0.024257
-0.024257
-0.024357
-0.024457
-0.024457
-0.024457
-0.024557
-0.024557
-0.024657
-0.024757
-0.024857
-0.024857
-0.024757
-0.024857
-0.024957
-0.025057
-0.025057
-0.025057
-0.025057
-0.025257
-0.025257
-0.025357
-0.025357
-0.025357
-0.025357
-0.025457
-0.025657
-0.025657
-0.025857
-0.025857
-0.025857
-0.025857
-0.025857
-0.026057
-0.026057
-0.026057
-0.026057
-0.026057
-0.026057
-0.026157
-0.026257
-0.026257
-0.026457
-0.026457
-0.026457
-0.026457
-0.026557
-0.026557
-0.026657
-0.026557
-0.026757
-0.026857
-0.026857
-0.026957
-0.026957
-0.027057
-0.026957
-0.027057
-0.027457
-0.027457
-0.027457
-0.027457
-0.027457
-0.027457
-0.027457
-0.027457
-0.027657
-0.027657
-0.027657
-0.027757
-0.027757
-0.027757
-0.027857
-0.027857
-0.028057
-0.028057
-0.028057
-0.028057
-0.028157
-0.028257
-0.028257
-0.028257
-0.028457
-0.028457
-0.028457
-0.028557
-0.028557
-0.028557
-0.028557
-0.028857
-0.028857
-0.029057
-0.029057
-0.029057
-0.029057
-0.029057
-0.029057
-0.029157
-0.029257
-0.029257
-0.029257
-0.029357
-0.029357
-0.029357
-0.029357
-0.029457
-0.029457
-0.029657
-0.029657
-0.029657
-0.029857
-0.029857
-0.029857
-0.029857
-0.030057
-0.030057
-0.030057
-0.030057
-0.030157
-0.030157
-0.030257
-0.030457
-0.030657
-0.030657
-0.030657
-0.030657
-0.030657
-0.030657
-0.030657
-0.030657
-0.030757
-0.030857
-0.030857
-0.030857
-0.030957
-0.031057
-0.030957
-0.031257
-0.031157
-0.031257
-0.031257
-0.031257
-0.031357
-0.031457
-0.031457
-0.031557
-0.031657
-0.031657
-0.031657
-0.031757
-0.031757
-0.031757
-0.031857
-0.031857
-0.032057
-0.032257
-0.032257
-0.032257
-0.032257
-0.032257
-0.032257
-0.032257
-0.032357
-0.032457
-0.032457
-0.032457
-0.032557
-0.032657
-0.032657
-0.032657
-0.032857
-0.032857
-0.032857
-0.032857
-0.032857
-0.033057
-0.033057
-0.033057
-0.033257
-0.033257
-0.033257
-0.033257
-0.033357
-0.033357
-0.033457
-0.033657
-0.033657
-0.033857
-0.033857
-0.033857
-0.033857
-0.033857
-0.033857
-0.033857
-0.033957
-0.034057
-0.034057
-0.034057
-0.034157
-0.034157
-0.034257
-0.034257
-0.034457
-0.034457
-0.034457
-0.034457
-0.034557
-0.034657
-0.034657
-0.034657
-0.034857
-0.034857
-0.034857
-0.034957
-0.034957
-0.034957
-0.035057
-0.035057
-0.035457
-0.035457
-0.035457
-0.035457
-0.035457
-0.035457
-0.035457
-0.035457
-0.035657
-0.035657
-0.035657
-0.035657
-0.035757
-0.035757
-0.035857
-0.035857
-0.036057
-0.036057
-0.036057
-0.036157
-0.036157
-0.036257
-0.036257
-0.036257
-0.036257
-0.036457
-0.036457
-0.036457
-0.036557
-0.036557
-0.036657
-0.036657
-0.037057
-0.037057
-0.037057
-0.037057
-0.037057
-0.037057
-0.037057
-0.037257
-0.037157
-0.037257
-0.037257
-0.037357
-0.037357
-0.037357
-0.037457
-0.037457
-0.037457
-0.037657
-0.037657
-0.037657
-0.037757
-0.037757
-0.037857
-0.037857
-0.038057
-0.038057
-0.038057
-0.038057
-0.038157
-0.038257
-0.038257
-0.038257
-0.038657
-0.038657
-0.038657
-0.038657
-0.038657
-0.038657
-0.038657
-0.038857
-0.038857
-0.038857
-0.038857
-0.038857
-0.038857
-0.038957
-0.038957
-0.039157
-0.039257
-0.039257
-0.039257
-0.039257
-0.039357
-0.039457
-0.039457
-0.039457
-0.039657
-0.039657
-0.039657
-0.039657
-0.039757
-0.039757
-0.039757
-0.039757
-0.039857
-0.040257
-0.040257
-0.040257
-0.040257
-0.040257
-0.040257
-0.040357
-0.040457
-0.040457
-0.040457
-0.040557
-0.040557
-0.040557
-0.040657
-0.040657
-0.040857
-0.040857
-0.040857
-0.040957
-0.040957
-0.041057
-0.041057
-0.041057
-0.041257
-0.041257
-0.041257
-0.041257
-0.041257
-0.041357
-0.041357
-0.041457
-0.041657
-0.041857
-0.041857
-0.041857
-0.041857
-0.041857
-0.041857
-0.041857
-0.041957
-0.042057
-0.042057
-0.042057
-0.042157
-0.042157
-0.042157
-0.042257
-0.042457
-0.042457
-0.042457
-0.042457
-0.042557
-0.042657
-0.042657
-0.042857
-0.042857
-0.042857
-0.042857
-0.042857
-0.042957
-0.042957
-0.043057
-0.043057
-0.043457
-0.043257
-0.043457
-0.043457
-0.043457
-0.043457
-0.043457
-0.043557
-0.043657
-0.043657
-0.043657
-0.043657
-0.043657
-0.043757
-0.043757
-0.044057
-0.044057
-0.044057
-0.044057
-0.044057
-0.044157
-0.044157
-0.044457
-0.044257
-0.044457
-0.044457
-0.044457
-0.044557
-0.044557
-0.044557
-0.044557
-0.044657
-0.044857
-0.045057
-0.045057
-0.045057
-0.045057
-0.045057
-0.045057
-0.045057
-0.045257
-0.045257
-0.045257
-0.045257
-0.045257
-0.045357
-0.045457
-0.045657
-0.045657
-0.045657
-0.045657
-0.045757
-0.045657
-0.045857
-0.045857
-0.045857
-0.046057
-0.046057
-0.046057
-0.046057
-0.046057
-0.046157
-0.046257
-0.046257
-0.046457
-0.046657
-0.046457
-0.046657
-0.046657
-0.046657
-0.046657
-0.046657
-0.046657
-0.046857
-0.046857
-0.046857
-0.046957
-0.046957
-0.046957
-0.047057
-0.047257
-0.047257
-0.047257
-0.047257
-0.047257
-0.047457
-0.047457
-0.047657
-0.047657
-0.047657
-0.047657
-0.047657
-0.047757
-0.047757
-0.047857
-0.047857
-0.048057
-0.048257
-0.048257
-0.048257
-0.048257
-0.048257
-0.048257
-0.048257
-0.048457
-0.048457
-0.048457
-0.048457
-0.048557
-0.048557
-0.048657
-0.048757
-0.048857
-0.048857
-0.048857
-0.048857
-0.048957
-0.049057
-0.049057
-0.049257
-0.049257
-0.049257
-0.049257
-0.049257
-0.049257
-0.049357
-0.049457
-0.049457
-0.049657
-0.049857
-0.049857
-0.049857
-0.049857
-0.049857
-0.049857
-0.049857
-0.049857
-0.050057
-0.050057
-0.050057
-0.050157
-0.050157
-0.050157
-0.050257
-0.050457
-0.050457
-0.050457
-0.050457
-0.050457
-0.050557
-0.050657
-0.050657
-0.050857
-0.050857
-0.050857
-0.050857
-0.050957
-0.051057
-0.051057
-0.051057
-0.051057
-0.051257
-0.051457
-0.051457
-0.051457
-0.051457
-0.051457
-0.051457
-0.051657
-0.051657
-0.051657
-0.051657
-0.051757
-0.051657
-0.051757
-0.052057
-0.051857
-0.052057
-0.052057
-0.052057
-0.052157
-0.052257
-0.052257
-0.052257
-0.052457
-0.052457
-0.052457
-0.052457
-0.052557
-0.052557
-0.052557
-0.052657
-0.052857
-0.052857
-0.053057
-0.053057
-0.053057
-0.053057
-0.053057
-0.053057
-0.053057
-0.053257
-0.053257
-0.053257
-0.053357
-0.053357
-0.053357
-0.053357
-0.053457
-0.053657
-0.053657
-0.053657
-0.053757
-0.053757
-0.053757
-0.053857
-0.053857
-0.054057
-0.054057
-0.054057
-0.054057
-0.054157
-0.054157
-0.054257
-0.054457
-0.054457
-0.054657
-0.054657
-0.054657
-0.054657
-0.054657
-0.054657
-0.054657
-0.054857
-0.054857
-0.054857
-0.054857
-0.054857
-0.054957
-0.055057
-0.055057
-0.055257
-0.055257
-0.055257
-0.055257
-0.055357
-0.055457
-0.055457
-0.055657
-0.055657
-0.055657
-0.055657
-0.055757
-0.055757
-0.055757
-0.055857
-0.055957
-0.056057
-0.056257
-0.056257
-0.056257
-0.056257
-0.056257
-0.056257
-0.056257
-0.056357
-0.056457
-0.056457
-0.056557
-0.056557
-0.056557
-0.056657
-0.056657
-0.056857
-0.056857
-0.056957
