-0.018109
-0.018209
-0.017947
-0.017947
-0.017947
-0.017947
-0.017947
-0.017947
-0.017578
-0.017578
-0.017578
-0.017578
-0.017312
-0.017312
-0.017312
-0.017312
-0.017209
-0.017516
-0.017516
-0.017569
-0.017569
-0.017569
-0.017432
-0.017432
-0.017452
-0.017452
-0.017452
-0.017452
-0.017213
-0.017213
-0.017156
-0.017156
-0.017156
-0.017191
-0.016936
-0.016936
-0.016936
-0.016936
-0.016936
-0.016936
-0.016936
-0.016587
-0.016587
-0.016587
-0.016587
-0.016613
-0.016613
-0.016636
-0.016636
-0.016499
-0.016457
-0.016457
-0.016457
-0.016276
-0.016262
-0.016262
-0.016262
-0.016199
-0.016199
-0.016199
-0.016521
-0.016521
-0.016521
-0.016521
-0.016622
-0.016622
-0.016409
-0.016409
-0.016409
-0.016409
-0.016409
-0.016409
-0.016181
-0.016090
-0.016090
-0.016090
-0.015860
-0.015860
-0.015860
-0.015860
-0.015508
-0.015508
-0.015482
-0.015482
-0.015482
-0.015482
-0.015523
-0.015523
-0.015523
-0.015303
-0.015303
-0.015303
-0.015303
-0.015119
-0.015119
-0.014964
-0.014952
-0.014952
-0.014952
-0.014712
-0.014712
-0.014712
-0.014712
-0.014712
-0.014712
-0.014812
-0.014309
-0.014036
-0.014309
-0.014036
-0.014060
-0.014060
-0.013774
-0.013774
-0.013774
-0.013774
-0.013874
-0.013651
-0.013874
-0.013651
-0.013651
-0.013826
-0.013826
-0.013826
-0.013826
-0.013657
-0.013657
-0.013629
-0.013966
-0.013966
-0.013724
-0.013724
-0.013724
-0.013724
-0.013724
-0.013724
-0.013824
-0.013608
-0.013608
-0.013608
-0.013436
-0.013436
-0.013436
-0.013351
-0.013097
-0.013097
-0.013097
-0.013097
-0.013097
-0.013197
-0.012944
-0.012944
-0.012944
-0.013038
-0.013038
-0.013038
-0.013038
-0.012933
-0.012933
-0.012805
-0.012805
-0.012763
-0.012752
-0.012752
-0.012752
-0.012752
-0.012752
-0.012752
-0.012571
-0.012300
-0.012300
-0.012300
-0.012300
-0.012149
-0.012149
-0.011919
-0.011919
-0.011898
-0.011898
-0.011898
-0.011998
-0.011665
-0.011998
-0.011665
-0.011728
-0.011377
-0.011377
-0.011377
-0.011377
-0.011309
-0.011309
-0.011087
-0.011087
-0.011087
-0.011214
-0.011214
-0.011214
-0.011214
-0.011214
-0.011214
-0.011214
-0.011035
-0.011035
-0.011035
-0.011078
-0.011078
-0.011078
-0.010971
-0.010971
-0.010756
-0.010756
-0.010756
-0.010708
-0.010708
-0.010557
-0.010557
-0.010499
-0.010499
-0.010499
-0.010499
-0.010702
-0.010702
-0.010702
-0.010702
-0.010581
-0.010681
-0.010705
-0.010705
-0.010705
-0.010705
-0.010705
-0.010705
-0.010805
-0.010271
-0.010271
-0.010271
-0.010096
-0.010096
-0.010096
-0.009936
-0.009936
-0.009880
-0.009880
-0.009880
-0.009581
-0.009581
-0.009553
-0.009553
-0.009553
-0.009356
-0.009356
-0.009356
-0.009356
-0.009395
-0.009395
-0.009314
-0.009314
-0.009388
-0.009388
-0.009388
-0.009388
-0.009388
-0.009388
-0.009388
-0.009388
-0.009004
-0.009004
-0.009004
-0.008824
-0.009004
-0.008678
-0.008678
-0.008545
-0.008545
-0.008545
-0.008545
-0.008545
-0.008545
-0.008478
-0.008478
-0.008478
-0.008128
-0.008128
-0.008128
-0.007901
-0.007901
-0.007901
-0.007908
-0.007908
-0.007847
-0.007847
-0.007750
-0.007750
-0.007750
-0.007750
-0.007750
-0.007777
-0.007414
-0.007414
-0.007414
-0.007414
-0.007222
-0.007222
-0.006924
-0.006739
-0.007043
-0.006739
-0.006739
-0.006722
-0.006987
-0.006987
-0.006987
-0.006987
-0.006987
-0.007196
-0.007369
-0.007369
-0.007163
-0.007163
-0.007163
-0.007236
-0.007144
-0.007163
-0.007163
-0.007163
-0.007163
-0.007163
-0.007163
-0.006792
-0.006546
-0.006546
-0.006546
-0.006310
-0.006310
-0.006310
-0.006310
-0.006214
-0.006251
-0.006277
-0.006277
-0.006319
-0.006277
-0.006319
-0.006270
-0.006213
-0.006071
-0.006071
-0.006071
-0.006071
-0.005998
-0.005998
-0.005998
-0.006007
-0.006007
-0.006107
-0.005858
-0.005858
-0.005858
-0.005858
-0.005858
-0.005858
-0.005519
-0.005519
-0.005519
-0.005519
-0.005242
-0.005242
-0.005311
-0.005220
-0.005220
-0.005220
-0.005220
-0.005220
-0.004971
-0.004971
-0.005111
-0.004766
-0.005111
-0.004766
-0.004766
-0.004520
-0.004520
-0.004902
-0.004520
-0.005002
-0.005308
-0.005399
-0.005399
-0.005399
-0.005399
-0.005399
-0.005567
-0.005399
-0.005567
-0.005567
-0.005551
-0.005567
-0.005551
-0.005412
-0.005412
-0.005522
-0.005594
-0.005594
-0.005594
-0.005489
-0.005489
-0.005489
-0.005382
-0.005380
-0.005226
-0.005226
-0.005226
-0.005043
-0.005043
-0.005043
-0.005043
-0.005037
-0.005037
-0.004684
-0.004684
-0.004684
-0.004684
-0.004684
-0.004684
-0.004684
-0.004362
-0.004362
-0.004362
-0.004362
-0.004428
-0.004428
-0.004428
-0.004228
-0.004174
-0.004174
-0.004174
-0.004174
-0.004133
-0.003944
-0.003944
-0.003944
-0.003944
-0.003904
-0.003904
-0.003904
-0.003900
-0.003900
-0.003838
-0.003838
-0.003748
-0.003697
-0.003514
-0.003514
-0.003514
-0.003514
-0.003514
-0.003514
-0.003514
-0.003868
-0.003868
-0.003868
-0.003868
-0.003632
-0.003632
-0.003732
-0.003456
-0.003456
-0.003456
-0.003456
-0.003231
-0.003231
-0.003231
-0.003255
-0.003168
-0.003168
-0.003168
-0.003168
-0.003154
-0.003154
-0.003154
-0.003160
-0.003321
-0.003321
-0.003226
-0.003226
-0.003226
-0.003226
-0.003226
-0.003226
-0.003226
-0.003032
-0.003032
-0.003032
-0.002809
-0.002809
-0.002809
-0.002696
-0.002696
-0.002431
-0.002431
-0.002431
-0.002204
-0.002145
-0.002145
-0.002145
-0.002145
-0.002357
-0.002357
-0.002357
-0.002357
-0.002690
-0.002690
-0.002752
-0.002752
-0.002771
-0.002771
-0.002771
-0.002771
-0.002771
-0.002771
-0.002771
-0.002398
-0.002346
-0.002346
-0.002346
-0.002276
-0.002276
-0.002244
-0.002244
-0.002251
-0.001992
-0.001992
-0.001992
-0.002092
-0.001788
-0.001788
-0.001676
-0.001788
-0.001538
-0.001538
-0.001538
-0.001320
-0.001320
-0.001320
-0.001320
-0.001257
-0.001134
-0.000849
-0.000849
-0.000849
-0.000849
-0.000849
-0.000849
-0.000949
-0.000611
-0.000611
-0.000611
-0.000611
-0.000792
-0.000792
-0.000840
-0.000840
-0.000816
-0.000816
-0.000816
-0.000801
-0.000545
-0.000545
-0.000545
-0.000407
-0.000407
-0.000407
-0.000407
-0.000407
-0.000297
-0.000298
-0.000298
-0.000185
-0.000185
-0.000176
-0.000176
-0.000176
-0.000176
-0.000176
-0.000176
-0.000102
0.000118
0.000118
0.000118
0.000118
0.000185
0.000185
0.000268
0.000268
0.000227
0.000205
0.000205
0.000205
-0.000016
0.000004
0.000004
0.000004
0.000004
0.000295
0.000295
0.000295
0.000530
0.000530
0.000563
-0.001474
-0.001474
-0.001474
-0.006103
-0.006103
-0.006103
-0.006103
-0.006103
-0.007394
-0.007389
-0.007389
-0.007389
-0.007389
-0.007426
-0.007426
-0.007426
-0.007137
-0.007137
-0.007137
-0.007137
-0.007138
-0.007137
-0.007138
-0.007059
-0.007059
-0.007059
-0.007059
-0.007059
-0.007059
-0.006793
-0.006793
-0.006673
-0.006673
-0.006422
-0.006820
-0.006422
-0.006422
-0.006422
-0.006422
-0.006422
-0.006422
-0.006042
-0.006042
-0.006042
-0.006042
-0.005754
-0.005754
-0.005787
-0.005787
-0.005404
-0.005404
-0.005404
-0.005404
-0.005414
-0.005546
-0.005546
-0.005607
-0.005554
-0.005554
-0.005554
-0.005554
-0.005519
-0.005519
-0.005239
-0.005239
-0.005350
-0.005427
-0.005427
-0.005427
-0.005427
-0.005427
-0.005427
-0.005529
-0.006273
-0.006273
-0.006273
-0.006123
-0.006123
-0.006123
-0.005974
-0.005773
-0.005773
-0.005773
-0.005773
-0.005773
-0.005873
-0.005523
-0.005623
-0.005523
-0.005523
-0.005364
-0.005364
-0.005364
-0.005156
-0.005156
-0.005025
-0.005068
-0.004970
-0.004761
-0.004761
-0.004761
-0.004761
-0.004761
-0.004761
-0.004761
-0.004724
-0.004361
-0.004361
-0.004361
-0.003999
-0.004069
-0.004069
-0.004069
-0.004072
-0.004072
-0.004072
-0.003901
-0.003901
-0.003901
-0.003777
-0.003841
-0.003720
-0.003720
-0.003720
-0.003720
-0.003708
-0.003812
-0.003812
-0.003812
-0.003918
-0.003918
-0.003834
-0.003834
-0.003834
-0.003834
-0.003834
-0.003834
-0.003737
-0.003391
-0.003391
-0.003185
-0.003391
-0.003185
-0.003285
-0.003285
-0.003270
-0.003270
-0.003270
-0.003270
-0.004237
-0.004187
-0.004237
-0.004187
-0.003846
-0.003846
-0.003846
-0.003846
-0.003846
-0.003888
-0.003888
-0.003888
-0.003923
-0.003831
-0.003831
-0.003831
-0.003831
-0.003831
-0.003831
-0.003827
-0.003853
-0.003853
-0.003853
-0.003698
-0.003698
-0.003698
-0.003729
-0.003698
-0.003574
-0.003574
-0.003574
-0.003310
-0.003410
-0.003410
-0.003410
-0.003222
-0.003222
-0.003222
-0.003222
-0.003017
-0.003017
-0.003017
-0.003608
-0.003608
-0.003710
-0.003551
-0.003551
-0.003551
-0.003551
-0.003551
-0.003551
-0.003018
-0.003018
-0.003018
-0.003018
-0.002840
-0.002840
-0.002862
-0.002862
-0.002838
-0.002801
-0.002838
-0.002838
-0.002873
-0.002873
-0.002743
-0.002743
-0.002743
-0.002384
-0.002384
-0.002384
-0.002379
-0.002379
-0.002384
-0.002068
-0.002240
-0.002140
-0.002037
-0.002037
-0.002037
-0.002037
-0.002037
-0.002037
-0.002037
-0.002037
-0.001663
-0.001663
-0.001663
-0.001453
-0.001495
-0.001453
-0.001495
-0.001766
-0.001766
-0.001766
-0.001766
-0.001816
-0.001781
-0.001781
-0.001781
-0.001409
-0.001409
-0.001409
-0.001409
-0.001388
-0.001388
-0.001805
-0.001805
-0.001927
-0.001927
-0.001610
-0.001610
-0.001610
-0.001610
-0.001610
-0.001610
-0.001358
-0.001358
-0.001358
-0.001101
-0.001101
-0.001101
-0.001095
-0.001085
-0.000979
-0.000979
-0.000979
-0.001035
-0.001035
-0.000719
-0.000719
-0.000719
-0.001351
-0.001351
-0.001351
-0.001351
-0.001345
-0.001345
-0.001359
-0.001359
-0.001508
-0.001530
-0.001530
-0.001530
-0.001530
-0.001530
-0.001530
-0.001530
-0.001149
-0.001149
-0.001149
-0.001149
-0.001017
-0.001017
-0.000934
-0.001017
-0.000813
-0.000813
-0.000813
-0.000730
-0.000730
-0.000730
-0.000771
-0.000931
-0.001114
-0.001114
-0.001114
-0.001028
-0.001028
-0.000847
-0.000847
-0.000847
-0.000849
-0.000865
-0.000849
-0.000865
-0.000865
-0.000865
-0.000865
-0.000875
-0.001045
-0.000875
-0.000875
-0.000603
-0.000603
-0.000569
-0.000569
-0.000339
-0.000339
-0.000339
-0.000339
-0.000178
-0.000191
-0.000191
-0.000191
-0.000471
-0.000471
-0.000471
-0.000471
-0.000471
-0.000524
-0.000469
-0.000469
-0.000168
-0.000538
-0.000168
-0.000168
-0.000168
-0.000168
-0.000168
-0.000168
-0.000168
-0.000268
-0.000039
-0.000039
0.000173
-0.000039
0.000173
0.000073
0.000316
0.000316
0.000316
0.000316
0.000316
0.000316
0.000652
0.000652
0.000827
0.000827
0.000827
0.000827
0.000827
0.000982
0.000977
0.000982
0.000858
0.000858
0.001057
0.001057
0.001057
0.001057
0.001057
0.001057
0.000957
0.000897
0.000897
0.000897
0.000897
0.001041
0.001041
0.001041
0.000718
0.000857
0.000857
0.000857
0.000857
0.001072
0.001049
0.001049
0.001306
0.001594
0.001594
0.001594
0.001594
0.001709
0.001709
0.001959
0.001859
0.001166
0.001166
0.001166
0.001166
0.001166
0.001166
0.001166
0.000739
0.000802
0.000802
0.000802
0.000988
0.000988
0.000988
0.000988
0.001147
0.001071
0.001071
0.001071
0.001071
0.001272
0.001172
0.001172
0.001271
0.001636
0.001636
0.001636
0.001636
0.001901
0.001901
0.001833
0.001875
0.001728
0.001728
0.000674
0.000674
0.000674
0.000674
0.000674
0.000574
0.000401
0.000401
0.000401
0.000401
0.000258
0.000258
0.000158
0.000158
0.000482
0.000482
0.000482
0.000482
0.000482
0.000125
0.000125
0.000025
0.000140
0.000140
0.000140
0.000140
0.000140
0.000276
0.000303
0.000303
0.000408
0.000408
0.000698
0.000698
0.000698
0.000698
0.000698
0.000698
0.000843
0.000985
0.000985
0.000985
0.001132
0.001132
0.001132
0.001236
0.001252
0.001451
0.001451
0.001451
0.001488
0.001488
0.001634
0.001634
0.001520
0.001670
0.001670
0.001670
0.001844
0.001844
0.001744
0.001744
0.001876
0.001192
0.001192
0.001192
0.001192
0.001192
0.001192
0.001192
0.001144
0.001144
0.001144
0.001090
0.001090
0.001090
0.001090
0.001181
0.001181
0.001168
0.001168
0.001168
0.001029
0.001029
0.001210
0.001210
0.001210
0.001345
0.001345
0.001345
0.001479
0.001479
0.001384
0.001384
0.001362
0.001362
0.001457
0.001457
0.001457
0.001457
0.001457
0.001457
0.001455
0.001455
0.001455
0.001613
0.001613
0.001613
0.001748
0.001873
0.001873
0.001873
0.001873
0.001873
0.001873
0.002189
0.002189
0.002320
0.002320
0.002320
0.002320
0.002346
0.002346
0.002346
0.002353
0.002353
0.002482
0.002363
0.002363
0.002363
0.002363
0.002363
0.002363
0.002363
0.002363
0.002363
0.002766
0.002766
0.002850
0.002850
0.002850
0.002951
0.002973
0.002973
0.002973
0.002973
0.002998
0.002998
0.002535
0.002308
0.001798
0.001798
0.001798
0.001798
0.001860
0.001860
0.001760
0.001666
0.001760
0.001666
0.001709
0.001709
0.001709
0.001709
0.001709
0.001709
0.002069
0.002069
0.002069
0.002069
0.002272
0.002272
0.002362
0.002362
0.002368
0.002368
0.002368
0.002368
0.002369
0.002369
0.002369
0.002369
0.002626
0.002626
0.002626
0.002626
0.002574
0.002574
0.002753
0.002653
0.003582
0.002836
0.003582
0.003582
0.003582
0.003582
0.003582
0.003582
0.003962
0.003962
0.003962
0.003962
0.004148
0.004148
0.004148
0.004116
0.004097
0.004097
0.004097
0.004097
0.003921
0.003921
0.003921
0.003870
0.003921
0.003821
0.003821
0.003112
0.003112
0.003112
0.003112
0.003140
0.003157
0.003322
0.003157
0.003322
0.003322
0.003322
0.003322
0.003322
0.003696
0.003696
0.003696
0.003696
0.003785
0.003785
0.003869
0.003869
0.003869
0.003985
0.003985
0.003985
0.003985
0.004057
0.004099
0.004106
0.004106
0.004106
0.004106
0.004106
0.004422
0.004516
0.004422
0.004392
0.004392
0.004292
0.004640
0.004640
0.004640
0.004640
0.004640
0.004640
0.004960
0.004960
0.004960
0.004960
0.004960
0.004567
0.004567
0.004581
0.004581
0.004581
0.004581
0.004581
0.004549
0.004549
0.004403
0.004403
0.004353
0.004353
0.004353
0.004353
0.004253
0.004253
0.004253
0.004464
0.004464
0.004006
0.004006
0.004006
0.004006
0.004006
0.004006
0.004208
0.004357
0.004357
0.004357
0.004550
0.004550
0.004550
0.004550
0.004559
0.004655
0.004655
0.004655
0.004655
0.004655
0.004828
0.004945
0.004978
0.004976
0.004978
0.004978
0.004978
0.004978
0.005129
0.005226
0.005226
0.005226
0.005211
0.005335
0.005335
0.005335
0.005335
0.005335
0.005335
0.005450
0.005384
0.005384
0.005014
0.005014
0.005014
0.005052
0.005219
0.005219
0.005219
0.005219
0.005219
0.005276
0.005579
0.005579
0.005479
0.005479
0.005661
0.005661
0.005661
0.005401
0.005401
0.005401
0.005325
0.005329
0.005325
0.005425
0.005425
0.005425
0.005425
0.005425
0.005425
0.005454
0.005454
0.005325
0.005500
0.005500
0.005500
0.005500
0.005584
0.005584
0.005584
0.005584
0.005584
0.005697
0.005779
0.005779
0.005779
0.005455
0.005455
0.005455
0.005455
0.005409
0.005409
0.005409
0.005508
0.005462
0.005397
0.005637
0.005637
0.005637
0.005637
0.005537
0.005637
0.005799
0.005799
0.005799
0.005799
0.005799
0.005917
0.005917
0.005917
0.005961
0.005961
0.005961
0.005961
0.005961
0.005823
0.005823
0.005823
0.005823
0.005848
0.005823
0.005993
0.005993
0.005732
0.005795
0.005732
0.005795
0.005695
0.006007
0.006007
0.006007
0.006007
0.006007
0.006007
0.006081
0.006110
0.006110
0.006110
0.006110
0.005908
0.005908
0.006024
0.006024
0.006128
0.006128
0.006128
0.006128
0.006247
0.006188
0.006247
0.006247
0.006247
0.006454
0.006454
0.006454
0.006552
0.006552
0.006502
0.006502
0.006353
0.006227
0.006227
0.006227
0.006227
0.006227
0.006227
0.006227
0.005571
0.005571
0.005571
0.005571
0.005153
0.005153
0.005153
0.005168
0.005318
0.005318
0.005318
0.005318
0.005341
0.005380
0.005380
0.005492
0.005637
0.005637
0.005637
0.005637
0.005888
0.005888
0.005946
0.005946
0.005971
0.005971
0.006018
0.006018
0.006018
0.006018
0.006018
0.006018
0.006071
0.006071
0.006071
0.006071
0.006240
0.006240
0.006240
0.006411
0.006240
0.006411
0.006411
0.006411
0.006376
0.006376
0.006296
0.006296
0.006383
0.006383
0.006383
0.006383
0.005976
0.005976
0.005897
0.005897
0.005617
0.005300
0.005300
0.005300
0.005300
0.005300
0.005300
0.005300
0.005270
0.005453
0.005453
0.005453
0.005453
0.005354
0.005231
0.005247
0.005380
0.005380
0.005380
0.005247
0.005380
0.005409
0.005360
0.005409
0.005409
0.005351
0.005351
0.005186
0.005186
0.005186
0.005180
0.005187
0.005187
0.005304
0.005304
0.005304
0.005304
0.005304
0.005304
0.005304
0.005204
0.005742
0.005742
0.005742
0.005805
0.005805
0.005805
0.005925
0.006062
0.006062
0.006062
0.006062
0.006157
0.006157
0.006298
0.006298
0.006298
0.006380
0.006380
0.006380
0.006359
0.006359
0.006359
0.006470
0.006345
0.006345
0.006638
0.006638
0.006638
0.006638
0.006638
0.006638
0.006682
0.007129
0.007129
0.007260
0.007260
0.007260
0.007339
0.007339
0.007350
0.007350
0.007350
0.007327
0.007327
0.007327
0.007446
0.007446
0.007446
0.007370
0.007370
0.007370
0.007370
0.006714
0.006714
0.006519
0.006593
0.006590
0.006590
0.006590
0.006590
0.006590
0.006590
0.006590
0.006590
0.006590
0.006898
0.006898
0.006964
0.006964
0.006964
0.006954
0.006888
0.006888
0.006888
0.006888
0.006888
0.006963
0.007055
0.007055
0.007078
0.007078
0.007078
0.007078
0.007089
0.007089
0.007244
0.007244
0.007118
0.007118
0.006385
0.006385
0.006385
0.006385
0.006385
0.006285
0.006285
0.006476
0.006476
0.006476
0.006435
0.006435
0.006435
0.006669
0.006865
0.006865
0.006865
0.006865
0.006865
0.006765
0.006916
0.006916
0.006916
0.006391
0.006391
0.006512
0.006512
0.006512
0.006515
0.006379
0.006379
0.006547
0.006547
0.006547
0.006547
0.006547
0.006547
0.006547
0.006849
0.006849
0.006849
0.006882
0.006882
0.006882
0.006782
0.006782
0.005741
0.005741
0.005741
0.005741
0.005608
0.005783
0.005783
0.005783
0.005892
0.005892
0.005892
0.005892
0.005991
0.005991
0.005908
0.005908
0.005908
0.005815
0.005815
0.005815
0.005815
0.005815
0.005815
0.005921
0.006053
0.006053
0.006053
0.006053
0.006053
0.006248
0.006224
0.006224
0.006333
0.006333
0.006333
0.006452
0.006518
0.006518
0.006518
0.006518
0.006629
0.006629
0.006629
0.006629
0.006629
0.006703
0.006803
0.006703
0.006675
0.006675
0.006675
0.007039
0.007039
0.007039
0.007039
0.006939
0.006925
0.006925
0.006925
0.006925
0.006723
0.006723
0.006723
0.006700
0.006893
0.006893
0.006893
0.006893
0.006920
0.006905
0.006905
0.006463
0.006463
0.006463
0.006463
0.006601
0.006601
0.006601
0.006604
0.006601
0.006484
0.006643
0.006643
0.006643
0.006643
0.006643
0.006643
0.006643
0.006643
0.007058
0.007058
0.007058
0.007118
0.007118
0.007315
0.007315
0.007166
0.007338
0.007338
0.007387
0.007387
0.007296
0.007387
0.007470
0.007470
0.007470
0.007470
0.007470
0.007468
0.007468
0.007339
0.007339
0.006660
0.006660
0.006585
0.006585
0.006585
0.006585
0.006585
0.006585
0.007796
0.007796
0.007796
0.007796
0.007934
0.007934
0.008042
0.007842
0.007842
0.007842
0.007842
0.007842
0.007987
0.007718
0.007718
0.007616
0.007625
0.007625
0.007625
0.007602
0.007602
0.007602
0.007502
0.007502
0.007118
0.007519
0.007519
0.007118
0.007118
0.007118
0.007118
0.007118
0.006977
0.007080
0.007080
0.007080
0.007106
0.007106
0.007220
0.007220
0.007251
0.007251
0.007251
0.007251
0.007251
0.007404
0.007404
0.007357
0.007472
0.007472
0.007472
0.007617
0.007617
0.007617
0.007617
0.007677
0.007842
0.008163
0.008163
0.008163
0.008163
0.008163
0.008163
0.008457
0.008457
0.008457
0.008457
0.008195
0.008195
0.008195
0.008187
0.008187
0.008195
0.008068
0.008068
0.008068
0.008235
0.008235
0.008238
0.008238
0.007648
0.007648
0.007648
0.007648
0.007648
0.007238
0.007267
0.007267
0.007203
0.007203
0.008373
0.008373
0.008373
0.008373
0.008373
0.007592
0.007592
0.007592
0.007592
0.007952
0.007592
0.007952
0.008028
0.007883
0.007883
0.007883
0.007883
0.007883
0.008170
0.008170
0.008170
0.008170
0.008159
0.008159
0.008159
0.008323
0.008323
0.008323
0.008510
0.008510
0.008499
0.008599
0.008599
0.008599
0.008599
0.008599
0.008599
0.008708
0.008708
0.008909
0.008909
0.008927
0.009045
0.008927
0.008927
0.009249
0.008927
0.009249
0.009249
0.009249
0.009270
0.009360
0.009360
0.009360
0.009055
0.009055
0.009055
0.009055
0.008010
0.008010
0.007882
0.007844
0.007844
0.008050
0.008050
0.008050
0.008050
0.008050
0.008050
0.007908
0.007908
0.007908
0.007908
0.007908
0.007656
0.007656
0.007751
0.007775
0.007775
0.007775
0.007775
0.007766
0.007766
0.007900
0.007900
0.007900
0.007861
0.007861
0.007861
0.007861
0.008043
0.007861
0.007990
0.007790
0.007790
0.007912
0.007790
0.007912
0.007912
0.007912
0.007912
0.007924
0.007924
0.008212
0.008212
0.008212
0.008448
0.008448
0.008582
0.008589
0.008589
0.008589
0.008589
0.008589
0.008585
0.008511
0.008491
0.008511
0.008586
0.008586
0.008586
0.008586
0.008846
0.008812
0.008586
0.008812
0.008627
0.008678
0.008678
0.008678
0.008678
0.008678
0.008678
0.008780
0.008780
0.008780
0.008780
0.008780
0.008917
0.008917
0.008904
0.008904
0.009008
0.009008
0.009008
0.009074
0.009074
0.009074
0.009083
0.009127
0.009127
0.009127
0.009127
0.009127
0.009127
0.009104
0.008890
0.008646
0.008890
0.008623
0.008623
0.008623
0.008623
0.008623
0.008623
0.008829
0.008829
0.009005
0.009005
0.009005
0.009165
0.009139
0.009139
0.008756
0.008756
0.008488
0.008488
0.008488
0.008566
0.008566
0.008566
0.008684
0.008566
0.008811
0.008811
0.008811
0.008781
0.008811
0.008781
0.008944
0.008744
0.009014
0.009014
0.009014
0.009014
0.009014
0.009014
0.009014
0.009014
0.009325
0.009325
0.009325
0.009470
0.009470
0.009462
0.009462
0.009548
0.009573
0.009573
0.009538
0.009538
0.009641
0.009641
0.009641
0.008847
0.008847
0.008847
0.008847
0.008847
0.008937
0.008857
0.008855
0.008812
0.008912
0.008912
0.008912
0.008912
0.008912
0.008912
0.008912
0.009346
0.009346
0.009346
0.009346
0.009325
0.009325
0.009346
0.009410
0.009540
0.009540
0.009540
0.009540
0.009608
0.009528
0.009528
0.009528
0.009601
0.009601
0.009601
0.009524
0.009524
0.009524
0.009328
0.009328
0.009180
0.009098
0.009098
0.009098
0.009098
0.009098
0.009098
0.009065
0.009065
0.009089
0.009065
0.009284
0.009284
0.009284
0.009284
0.009184
0.009195
0.009063
0.009063
0.009104
0.009104
0.009138
0.009138
0.009138
0.009134
0.009134
0.009134
0.009134
0.009088
0.009088
0.008988
0.009049
0.008998
0.008951
0.008951
0.008951
0.008951
0.008951
0.008951
0.009253
0.009406
0.009406
0.009406
0.009482
0.009482
0.009482
0.009482
0.009635
0.009632
0.009632
0.009632
0.009632
0.009622
0.009846
0.009846
0.009746
0.010014
0.010014
0.010014
0.010014
0.009923
0.009923
0.009923
0.009879
0.009968
0.010033
0.010033
0.010033
0.010033
0.010033
0.010033
0.010033
0.009971
0.010133
0.010133
0.010309
0.010309
0.009724
0.009724
0.009724
0.009400
0.009400
0.009400
0.009400
0.009472
0.009566
0.009566
0.009566
0.009627
0.009627
0.009627
0.009627
0.009627
0.009767
0.009618
0.009691
0.009672
0.009672
0.009665
0.009665
0.009665
0.009665
0.009665
0.009665
0.009392
0.009392
0.009392
0.009511
0.009511
0.009511
0.009545
0.009545
0.009691
0.009691
0.009691
0.009814
0.009814
0.009867
0.009814
0.009867
0.009884
0.009884
0.009884
0.009646
0.009646
0.009646
0.009646
0.009532
0.009532
0.009547
0.009612
0.009612
0.009612
0.009612
0.009593
0.009765
0.009593
0.009765
0.009765
0.009765
0.009879
0.009879
0.009929
0.009929
0.009929
0.009807
0.009807
0.009753
0.009753
0.009807
0.009817
0.009732
0.009732
0.009732
0.009732
0.009732
0.009732
0.009616
0.009616
0.009671
0.009671
0.009645
0.009678
0.009678
0.009678
0.009678
0.009678
0.009678
0.009804
0.009804
0.009804
0.009804
0.009841
0.009841
0.009829
0.009939
0.009939
0.009829
0.009939
0.009939
0.009904
0.009986
0.009986
0.009986
0.010029
0.010029
0.010029
0.010029
0.010029
0.009708
0.009708
0.009603
0.009649
0.009649
0.009649
0.009818
0.009818
0.009818
0.009818
0.009818
0.009663
0.009067
0.009067
0.009067
0.009067
0.009140
0.009140
0.009040
0.009040
0.009213
0.009213
0.009213
0.009419
0.009419
0.009419
0.009419
0.009542
0.009542
0.009542
0.009542
0.009666
0.009666
0.009666
0.009802
0.009706
0.009656
0.009656
0.009656
0.009656
0.009656
0.009656
0.009656
0.009977
0.009977
0.009977
0.009977
0.009972
0.009972
0.009891
0.010025
0.009891
0.010169
0.010169
0.010169
0.010069
0.010132
0.010132
0.010058
0.010217
0.010217
0.010217
0.010310
0.010310
0.010310
0.010310
0.010479
0.010409
0.010409
0.010409
0.010409
0.010409
0.010409
0.010409
0.010857
0.010857
0.010606
0.010857
0.010857
0.010857
0.011125
0.011107
0.011125
0.011107
0.011033
0.011033
0.011033
0.011057
0.011057
0.010232
0.010232
0.008745
0.008745
0.008745
0.008745
0.008745
0.008341
0.008341
0.008506
0.008515
0.008506
0.008463
0.008463
0.008463
0.008463
0.008463
0.008463
0.008554
0.008554
0.008554
0.008554
0.008423
0.008423
0.008423
0.008311
0.008109
0.008119
0.008119
0.008119
0.008119
0.007894
0.007863
0.007863
0.007863
0.007976
0.007976
0.007976
0.008256
0.008256
0.008256
0.008256
0.008212
0.008236
0.008382
0.008382
0.008382
0.008382
0.008382
0.008382
0.008456
0.008579
0.008579
0.008725
0.008579
0.008725
0.008725
0.008783
0.009019
0.009019
0.009019
0.009019
0.008614
0.009019
0.008106
0.008106
0.007844
0.007844
0.007844
0.007844
0.007844
0.007571
0.007571
0.007191
0.007191
0.007016
0.006916
0.007088
0.007088
0.007088
0.007088
0.007088
0.006988
0.007379
0.007379
0.007624
0.007379
0.007624
0.007624
0.007624
0.006949
0.006807
0.006807
0.006807
0.006807
0.006795
0.006801
0.006801
0.006801
0.006701
0.006879
0.006879
0.006879
0.006920
0.006920
0.006920
0.007082
0.007210
0.007186
0.007186
0.007186
0.007186
0.007186
0.007186
0.007186
0.007221
0.007221
0.007221
0.007231
0.007231
0.007231
0.007231
0.007312
0.007536
0.007536
0.007536
0.007536
0.007578
0.007645
0.007645
0.007865
0.007865
0.007865
0.007865
0.007865
0.007865
0.007979
0.007979
0.008102
0.008102
0.008129
0.007985
0.007985
0.007985
0.007985
0.007985
0.007985
0.008112
0.008112
0.008112
0.008112
0.008302
0.008302
0.008302
0.008202
0.008342
0.008393
0.008393
0.008564
0.008563
0.008563
0.008563
0.008563
0.008611
0.008611
0.008611
0.008611
0.007634
0.007634
0.007634
0.007594
0.007455
0.007455
0.007455
0.007455
0.007455
0.007455
0.007455
0.007455
0.007759
0.007759
0.007759
0.007871
0.007871
0.007871
0.007871
0.007837
0.007778
0.007778
0.007778
0.007778
0.007849
0.008005
0.008005
0.008005
0.008177
0.008177
0.008177
0.008177
0.008421
0.008421
0.008321
0.008321
0.008476
0.008476
0.008476
0.008476
0.008476
0.008476
0.008476
0.008476
0.008751
0.008751
0.008751
0.008751
0.008751
0.008719
0.008744
0.008744
0.008621
0.008101
0.008101
0.008001
0.008001
0.008063
0.008063
0.008063
0.008063
0.008087
0.008087
0.008087
0.008185
0.008185
0.007382
0.007382
0.007382
0.007330
0.007487
0.007487
0.007487
0.007487
0.007487
0.007487
0.007846
0.007846
0.007846
0.007994
0.007994
0.007994
0.008125
0.008162
0.008162
0.008162
0.008162
0.008015
0.007843
0.008015
0.007843
0.007843
0.007964
0.007964
0.007964
0.007964
0.008148
0.008148
0.008128
0.008094
0.008186
0.008186
0.008186
0.008186
0.008186
0.008186
0.008186
0.008186
0.008124
0.008124
0.008124
0.008124
0.007928
0.007928
0.007928
0.007996
0.007863
0.008004
0.008004
0.008004
0.007989
0.007981
0.007981
0.007981
0.007786
0.007633
0.007633
0.007719
0.007719
0.007719
0.007719
0.007659
0.007726
0.007621
0.007621
0.007621
0.007621
0.007621
0.007621
0.007917
0.007917
0.007917
0.007917
0.007929
0.007929
0.007755
0.007755
0.007382
0.007199
0.007199
0.007199
0.007199
0.007099
0.007362
0.007362
0.007362
0.007489
0.007489
0.007489
0.007489
0.007551
0.007475
0.007475
0.007688
0.007871
0.007871
0.007871
0.007871
0.007871
0.007871
0.007871
0.007871
0.007088
0.007088
0.007088
0.007088
0.006863
0.006863
0.006863
0.006863
0.007101
0.007101
0.007101
0.007101
0.007246
0.007285
0.007285
0.007285
0.006883
0.006883
0.006883
0.006883
0.006883
0.006429
0.006429
0.005946
0.005849
0.005849
0.005849
0.005849
0.005849
0.005849
0.005849
0.005906
0.005849
0.005763
0.005763
0.005763
0.005726
0.005726
0.005726
0.005691
0.005864
0.005864
0.005864
0.005864
0.006040
0.005955
0.005955
0.005955
0.005901
0.005901
0.005901
0.005901
0.005896
0.005896
0.005896
0.005377
0.004989
0.005042
0.005042
0.005042
0.005042
0.005042
0.005042
0.005042
0.005195
0.005195
0.005195
0.005195
0.005195
0.005195
0.005288
0.005288
0.005275
0.005433
0.005433
0.005433
0.005356
0.005489
0.005489
0.005489
0.005594
0.005594
0.005594
0.005594
0.005594
0.005656
0.005629
0.005629
0.005629
0.005620
0.005620
0.005620
0.005620
0.005620
0.005620
0.005620
0.005620
0.005289
0.005289
0.005289
0.005450
0.005450
0.005333
0.005333
0.005283
0.005249
0.005249
0.005149
0.005149
0.004864
0.004864
0.004864
0.005023
0.005023
0.005023
0.005023
0.005222
0.005222
0.005318
0.005318
0.005318
0.005354
0.005354
0.005354
0.005354
0.005354
0.005354
0.005354
0.005401
0.005401
0.005401
0.005451
0.005451
0.005451
0.005301
0.005301
0.005301
0.004947
0.004947
0.004860
0.004947
0.004860
0.004948
0.004948
0.004514
0.004514
0.004514
0.004514
0.004514
0.004085
0.004044
0.004044
0.004044
0.004105
0.004105
0.004105
0.004105
0.004105
0.004105
0.004105
0.004105
0.004357
0.004357
0.004456
0.004456
0.004456
0.004321
0.004292
0.004292
0.004292
0.004292
0.004292
0.004292
0.003752
0.003752
0.003752
0.003818
0.003818
0.003818
0.003780
0.003780
0.003780
0.003813
0.003713
0.003713
0.003777
0.003777
0.003777
0.003777
0.003777
0.003777
0.002965
0.002965
0.002965
0.002965
0.002965
0.002965
0.003002
0.003220
0.003220
0.003231
0.003231
0.003231
0.003231
0.003377
0.003364
0.003364
0.003364
0.003530
0.003530
0.003530
0.003538
0.003538
0.003538
0.003538
0.003664
0.003603
0.003779
0.003779
0.003779
0.003779
0.003779
0.003779
0.004164
0.004164
0.004164
0.004164
0.004112
0.004112
0.004112
0.004064
0.004064
0.004146
0.004146
0.004146
0.004146
0.004179
0.004296
0.004296
0.004296
0.004196
0.004262
0.004262
0.003533
0.003533
0.003533
0.003533
0.003433
0.003657
0.003657
0.003657
0.003657
0.003657
0.003657
0.003657
0.003657
0.003756
0.003756
0.003756
0.003756
0.004031
0.004031
0.004031
0.004047
0.003995
0.003995
0.003995
0.004113
0.004113
0.004113
0.004076
0.003997
0.004033
0.004033
0.004033
0.004033
0.004033
0.004012
0.004012
0.003912
0.003866
0.003949
0.003866
0.003866
0.003866
0.003866
0.003866
0.003866
0.004079
0.004079
0.004079
0.004230
0.004230
0.004230
0.004097
0.003955
0.003955
0.003928
0.003928
0.003928
0.003928
0.003950
0.003950
0.003950
0.003060
0.003060
0.003060
0.003060
0.003086
0.003086
0.003086
0.003133
0.003213
0.003260
0.003260
0.003260
0.003260
0.003260
0.003260
0.003260
0.003260
0.003288
0.003288
0.003288
0.003436
0.003436
0.003402
0.003402
0.003654
0.003654
0.003654
0.003704
0.003704
0.003704
0.003839
0.003839
0.003839
0.002901
0.002901
0.002901
0.002711
0.002711
0.002711
0.002861
0.002761
0.002762
0.002762
0.002762
0.002762
0.002762
0.002762
0.002762
0.002762
0.003197
0.003197
0.003197
0.003222
0.003222
0.003222
0.003108
0.003061
0.003061
0.003061
0.003061
0.003131
0.003221
0.003221
0.003221
0.003284
0.003053
0.003053
0.003306
0.003306
0.003306
0.003306
0.003260
0.003260
0.003594
0.003594
0.003594
0.003594
0.003594
0.003594
0.003594
0.003818
0.003818
0.003818
0.003818
0.003818
0.003992
0.003892
0.004045
0.004045
0.004045
0.004045
0.004045
0.004131
0.003715
0.003715
0.003715
0.003638
0.003638
0.003638
0.003638
0.003790
0.003790
0.003790
0.003931
0.003931
0.003804
0.003131
0.003131
0.003131
0.003131
0.003131
0.003131
0.002931
0.002931
0.002931
0.003033
0.003033
0.003033
0.002914
0.002459
0.002814
0.002459
0.002459
0.002603
0.002603
0.002603
0.002693
0.002730
0.002693
0.002875
0.002875
0.002875
0.003086
0.003086
0.003086
0.003076
0.003265
0.003265
0.003265
0.003265
0.003265
0.003265
0.003265
0.003265
0.003440
0.003440
0.003440
0.003440
0.003648
0.003648
0.003592
0.003648
0.003728
0.003728
0.003728
0.003728
0.003728
0.003834
0.003834
0.003626
0.003646
0.003646
0.003646
0.003646
0.003646
0.003751
0.003607
0.003607
0.003351
0.003303
0.003303
0.003303
0.003303
0.003303
0.003303
0.003303
0.003263
0.003263
0.003263
0.003265
0.003265
0.003265
0.003355
0.003355
0.003620
0.003620
0.003620
0.003620
0.003620
0.003476
0.003476
0.003476
0.003734
0.003734
0.003734
0.003734
0.003792
0.003734
0.003951
0.003951
0.003919
0.003016
0.003016
0.003016
0.003016
0.003016
0.003016
0.003016
0.003016
0.002250
0.002250
0.002250
0.002250
0.002496
0.002496
0.002396
0.002496
0.002725
0.002725
0.002725
0.002728
0.002838
0.002838
0.002838
0.002789
0.002789
0.002789
0.002661
0.002789
0.002661
0.002661
0.002674
0.002743
0.002762
0.002758
0.002758
0.002758
0.002758
0.002758
0.002758
0.002819
0.002819
0.002819
0.002819
0.002559
0.002559
0.002559
0.002567
0.002472
0.002472
0.002472
0.002472
0.002212
0.002059
0.002059
0.002059
0.002024
0.001906
0.001906
0.001906
0.001906
0.001915
0.001815
0.001815
0.001894
0.001872
0.001872
0.001872
0.001872
0.001872
0.001872
0.001872
0.001807
0.001942
0.001942
0.001942
0.002077
0.002077
0.002077
0.002077
0.002155
0.002259
0.002259
0.002259
0.002396
0.002396
0.002395
0.002271
0.002271
0.002271
0.002271
0.002123
0.002123
0.002123
0.001923
0.001923
0.004182
0.001587
0.001587
0.001587
0.001587
0.001587
0.001587
0.001587
0.002522
0.002937
0.002937
0.002937
0.002837
0.002859
0.002859
0.002859
0.002759
0.002890
0.002890
0.003001
0.003001
0.003048
0.003048
0.003048
0.002700
0.002601
0.002601
0.002601
0.002601
0.002725
0.002774
0.002774
0.002817
0.002754
0.002754
0.002754
0.002754
0.002754
0.002754
0.002754
0.002688
0.002745
0.002745
0.002745
0.002791
0.002791
0.002885
0.002885
0.003052
0.003052
0.003052
0.003052
0.003157
0.003128
0.003128
0.003128
0.003177
0.003177
0.003177
0.003177
0.003177
0.003274
0.003274
0.003241
0.003041
0.003182
0.003182
0.003182
0.003182
0.003182
0.003182
0.003182
0.003182
0.003188
0.003188
0.003136
0.003136
0.003136
0.003073
0.003073
0.003073
0.003204
0.003204
0.003204
0.003204
0.003051
0.003021
0.003021
0.002426
0.002426
0.002426
0.002426
0.002426
0.002516
0.002516
0.002454
0.002511
0.002511
0.002586
0.002586
0.002586
0.002586
0.002586
0.002586
0.002880
0.002880
0.002880
0.002880
0.002880
0.002851
0.002851
0.002893
0.002869
0.002869
0.002869
0.002869
0.002869
0.002998
0.002956
0.002883
0.002956
0.002883
0.002883
0.002874
0.002874
0.002874
0.002900
0.002900
0.002900
0.001800
0.001800
0.001800
0.001800
0.001800
0.001800
0.001800
0.001800
0.002128
0.002128
0.002128
0.002238
0.002128
0.002238
0.002061
0.002061
0.002084
0.002084
0.002084
0.002084
0.002234
0.002234
0.002234
0.002385
0.002385
0.002385
0.002385
0.002347
0.002347
0.002347
0.002417
0.002349
0.002349
0.002536
0.002536
0.002536
0.002536
0.002536
0.002436
0.002724
0.002724
0.002724
0.002681
0.002681
0.002818
0.002818
0.002681
0.002818
0.002257
0.002257
0.002257
0.002257
0.001780
0.001780
0.001780
0.002003
0.002003
0.002003
0.002003
0.002095
0.002095
0.002095
0.002073
0.002105
0.002085
0.002085
0.002085
0.002085
0.002085
0.002085
0.002085
0.002085
0.002352
0.002352
0.002352
0.002352
0.002691
0.002691
0.002641
0.002161
0.002635
0.002161
0.002161
0.001955
0.001955
0.001855
0.001855
0.001855
0.001922
0.001922
0.001922
0.001872
0.001872
0.001872
0.002016
0.002038
0.002042
0.001952
0.001952
0.001952
0.001952
0.001952
0.002243
0.001952
0.002243
0.002243
0.002243
0.002409
0.002409
0.002549
0.002549
0.002402
0.002302
0.002302
0.002302
0.002302
0.001990
0.001782
0.001782
0.001782
0.000629
0.000629
0.000629
0.000629
-0.000045
-0.000032
-0.000032
-0.000132
-0.000059
-0.000059
-0.000059
-0.000059
-0.000059
-0.000059
-0.000059
0.000058
0.000058
0.000058
0.000058
0.000125
0.000125
0.000170
0.000337
0.000154
0.000337
0.000337
0.000337
0.000337
0.000237
0.000373
0.000373
0.000562
0.000562
0.000562
0.000562
0.000324
0.000324
0.000324
0.000160
-0.000040
-0.000249
-0.000249
-0.000249
-0.000249
-0.000249
-0.000249
-0.000249
-0.000141
-0.000141
-0.000136
-0.000136
-0.000089
-0.000089
-0.000089
-0.000133
-0.000133
-0.000218
-0.000218
-0.000218
-0.000218
-0.000218
-0.000019
-0.000019
-0.000019
0.000106
0.000106
0.000106
0.000346
0.000346
0.000346
0.000346
0.000080
-0.000249
-0.000249
-0.000249
-0.000249
-0.000249
-0.000249
-0.000249
-0.000077
-0.000077
-0.000077
0.000150
0.000150
0.000150
0.000150
0.000128
-0.000121
-0.000121
-0.000121
-0.000121
-0.000199
-0.000199
-0.000236
-0.000255
-0.000236
-0.000130
-0.000130
-0.000130
-0.000276
-0.000276
-0.000278
-0.000278
-0.000502
-0.000904
-0.000904
-0.000904
-0.000904
-0.000904
-0.000904
-0.000904
-0.001004
-0.001004
-0.000703
-0.000703
-0.000668
-0.000668
-0.000668
-0.000682
-0.000386
-0.000386
-0.000386
-0.000386
-0.000386
-0.000361
-0.000363
-0.000363
-0.000363
-0.000398
-0.000398
-0.000374
-0.000374
-0.000374
-0.000611
-0.000611
-0.000801
-0.000288
-0.000288
-0.000288
-0.000288
-0.000288
-0.000288
-0.000288
0.000254
0.000254
-0.000388
0.000254
0.000192
0.000192
-0.000529
-0.000908
-0.001069
-0.001069
-0.001069
-0.001041
-0.000772
-0.001041
-0.000772
-0.000772
-0.000591
-0.000591
-0.000591
-0.000591
-0.000591
-0.000576
-0.000661
-0.000706
-0.000717
-0.000624
-0.000624
-0.000624
-0.000624
-0.000624
-0.000624
-0.000624
-0.000624
-0.000438
-0.000438
-0.000438
-0.000360
-0.000438
-0.000360
-0.000193
-0.000162
-0.000162
-0.000162
-0.000157
-0.000157
-0.000158
-0.000158
-0.000031
0.000184
0.000184
0.000184
0.000203
0.000203
0.000203
0.000203
0.000133
-0.002908
-0.002908
-0.002908
-0.002908
-0.002908
-0.002908
-0.004019
-0.004549
-0.004549
-0.004549
-0.004549
-0.004549
-0.004351
-0.004351
-0.004320
-0.004320
-0.004320
-0.004540
-0.004540
-0.004574
-0.004540
-0.004574
-0.004559
-0.004559
-0.004819
-0.004819
-0.004819
-0.004819
-0.004922
-0.004922
-0.005031
-0.005031
-0.005036
-0.005031
-0.005031
-0.005031
-0.005031
-0.005031
-0.005031
-0.005031
-0.004794
-0.004794
-0.004960
-0.004794
-0.004462
-0.004462
-0.004462
-0.004341
-0.004518
-0.004518
-0.004518
-0.004518
-0.005879
-0.006620
-0.006620
-0.006668
-0.006668
-0.006668
-0.006668
-0.006668
-0.006895
-0.006895
-0.006995
-0.006895
-0.006935
-0.006935
-0.006935
-0.006935
-0.006935
-0.006935
-0.006935
-0.006935
-0.006710
-0.006710
-0.006710
-0.006710
-0.006712
-0.006712
-0.006824
-0.006824
-0.006824
-0.006728
-0.006728
-0.006728
-0.006801
-0.006714
-0.006714
-0.006714
-0.006506
-0.006506
-0.006506
-0.006506
-0.006474
-0.006474
-0.006411
-0.006301
-0.006401
-0.006807
-0.006807
-0.006807
-0.006807
-0.006807
-0.006807
-0.006807
-0.006907
-0.006956
-0.006956
-0.006956
-0.006698
-0.006698
-0.006649
-0.006579
-0.006558
-0.006558
-0.006579
-0.006558
-0.006548
-0.006458
-0.006458
-0.006458
-0.006458
-0.006412
-0.006412
-0.006141
-0.006141
-0.006141
-0.006141
-0.006114
-0.006245
-0.006245
-0.006375
-0.006375
-0.006375
-0.006375
-0.006375
-0.006567
-0.006567
-0.006567
-0.006567
-0.006567
-0.006567
-0.006406
-0.006506
-0.006506
-0.006366
-0.006366
-0.006366
-0.006366
-0.006577
-0.006577
-0.007660
-0.006577
-0.007671
-0.007481
-0.007481
-0.007418
-0.007418
-0.007482
-0.007418
-0.007482
-0.007640
-0.007640
-0.007640
-0.007640
-0.007640
-0.007640
-0.007640
-0.007640
-0.007455
-0.007455
-0.007455
-0.007312
-0.007312
-0.007312
-0.007256
-0.007256
-0.007609
-0.007609
-0.007609
-0.007609
-0.007484
-0.007416
-0.007416
-0.007416
-0.007370
-0.007370
-0.007370
-0.007431
-0.007431
-0.007431
-0.007431
-0.007402
-0.007402
-0.007337
-0.007337
-0.007337
-0.007337
-0.007337
-0.007337
-0.007388
-0.007295
-0.007295
-0.007295
-0.007315
-0.007315
-0.007315
-0.007315
-0.007393
-0.007393
-0.007426
-0.007426
-0.007426
-0.008002
-0.008002
-0.008002
-0.008002
-0.008060
-0.008060
-0.008060
-0.008060
-0.007972
-0.007972
-0.008001
-0.008014
-0.007799
-0.007799
-0.007799
-0.007799
-0.007799
-0.007799
-0.007799
-0.007799
-0.007899
-0.007616
-0.007616
-0.007616
-0.007518
-0.007281
-0.007518
-0.007308
-0.007345
-0.007308
-0.007308
-0.007308
-0.007645
-0.007861
-0.007861
-0.007946
-0.007821
-0.007821
-0.007821
-0.007674
-0.007674
-0.007674
-0.007726
-0.007726
-0.007644
-0.007707
-0.007707
-0.007707
-0.007707
-0.007707
-0.007707
-0.007707
-0.007825
-0.007726
-0.007726
-0.007726
-0.007817
-0.008076
-0.008076
-0.008076
-0.008008
-0.008008
-0.008008
-0.008008
-0.008008
-0.007991
-0.007991
-0.007991
-0.007961
-0.007961
-0.007961
-0.007961
-0.007724
-0.007724
-0.007916
-0.008803
-0.008803
-0.009230
-0.009230
-0.009230
-0.009230
-0.009230
-0.009230
-0.009230
-0.009111
-0.008960
-0.008960
-0.008960
-0.008699
-0.008699
-0.009134
-0.009134
-0.009620
-0.009620
-0.009620
-0.009620
-0.009596
-0.009459
-0.009459
-0.009459
-0.009582
-0.009582
-0.009582
-0.010155
-0.010155
-0.010155
-0.010176
-0.010176
-0.010304
-0.010304
-0.010304
-0.010304
-0.010304
-0.010304
-0.010304
-0.010304
-0.010599
-0.010599
-0.010599
-0.010599
-0.010889
-0.010889
-0.010776
-0.010776
-0.010734
-0.010734
-0.010734
-0.010834
-0.010834
-0.010618
-0.010618
-0.010618
-0.010618
-0.010493
-0.010493
-0.010493
-0.011359
-0.011359
-0.011444
-0.011444
-0.011952
-0.011952
-0.011952
-0.011952
-0.011952
-0.011952
-0.011952
-0.011818
-0.011967
-0.011818
-0.011818
-0.011644
-0.011644
-0.011644
-0.011699
-0.011699
-0.011699
-0.011617
-0.011617
-0.011617
-0.011515
-0.011515
-0.011450
-0.011450
-0.011673
-0.011673
-0.011673
-0.011673
-0.011875
-0.011966
-0.011966
-0.011966
-0.011815
-0.011815
-0.011815
-0.011815
-0.011815
-0.011815
-0.011815
-0.011685
-0.011685
-0.011685
-0.011685
-0.011685
-0.011685
-0.011663
-0.011663
-0.011533
-0.011468
-0.011468
-0.011468
-0.011468
-0.011370
-0.011330
-0.011330
-0.011330
-0.011285
-0.011285
-0.011285
-0.011285
-0.011144
-0.011144
-0.011144
-0.011144
-0.012037
-0.013760
-0.013760
-0.013760
-0.013760
-0.013760
-0.013760
-0.013860
-0.015052
-0.015052
-0.015052
-0.015000
-0.015000
-0.015000
-0.014960
-0.014960
-0.014720
-0.014720
-0.014720
-0.014654
-0.014654
-0.014609
-0.014609
-0.014609
-0.014425
-0.014425
-0.014425
-0.014425
-0.014425
-0.014447
-0.014447
-0.014208
-0.014408
-0.014302
-0.014302
-0.014302
-0.014302
-0.014302
-0.014302
-0.014302
-0.014369
-0.014661
-0.014661
-0.014661
-0.014897
-0.014897
-0.014897
-0.015417
-0.015428
-0.015428
-0.015428
-0.015428
-0.015478
-0.015502
-0.015502
-0.015470
-0.015470
-0.015470
-0.015470
-0.015470
-0.015341
-0.015341
-0.015202
-0.015202
-0.015123
-0.015249
-0.015123
-0.015123
-0.015123
-0.015123
-0.015123
-0.015223
-0.014753
-0.014753
-0.014753
-0.014753
-0.014753
-0.014844
-0.014844
-0.014863
-0.014863
-0.014863
-0.014863
-0.014863
-0.014768
-0.014768
-0.014408
-0.014537
-0.014408
-0.014408
-0.014408
-0.014328
-0.014328
-0.014328
-0.014328
-0.014228
-0.014526
-0.014851
-0.014851
-0.014851
-0.014851
-0.014851
-0.014851
-0.014851
-0.014811
-0.014811
-0.014811
-0.014811
-0.014811
-0.015107
-0.015595
-0.015738
-0.015738
-0.015738
-0.015738
-0.015838
-0.015738
-0.015641
-0.015641
-0.015641
-0.015473
-0.015473
-0.015473
-0.015473
-0.015473
-0.015401
-0.015120
-0.015120
-0.015320
-0.015176
-0.015320
-0.015176
-0.015176
-0.015176
-0.015176
-0.015176
-0.015176
-0.016546
-0.016546
-0.016546
-0.018793
-0.018793
-0.018793
-0.018798
-0.018691
-0.018691
-0.018691
-0.018691
-0.018691
-0.018778
-0.018778
-0.018633
-0.018633
-0.018633
-0.018633
-0.018633
-0.018554
-0.018554
-0.018563
-0.018563
-0.018538
-0.018287
-0.018287
-0.018287
-0.018287
-0.018287
-0.018287
-0.018287
-0.017838
-0.017838
-0.017838
-0.017838
-0.017777
-0.017777
-0.017782
-0.017634
-0.017683
-0.017683
-0.017683
-0.017683
-0.017617
-0.017548
-0.017548
-0.017331
-0.017331
-0.017331
-0.017331
-0.017331
-0.017331
-0.017219
-0.017234
-0.017234
-0.017314
-0.017095
-0.017095
-0.017095
-0.017095
-0.017095
-0.017095
-0.017095
-0.017095
-0.016807
-0.016807
-0.016807
-0.016743
-0.016743
-0.016743
-0.016813
-0.016615
-0.016615
-0.016615
-0.016615
-0.016615
-0.016429
-0.016427
-0.016427
-0.016874
-0.016874
-0.016874
-0.016874
-0.017186
-0.017010
-0.017010
-0.017010
-0.017010
-0.017151
-0.017129
-0.017129
-0.017129
-0.017129
-0.017129
-0.017129
-0.017040
-0.017040
-0.017040
-0.017040
-0.017078
-0.017040
-0.017078
-0.018715
-0.017234
-0.018715
-0.018715
-0.018715
-0.018572
-0.018516
-0.018516
-0.018516
-0.018377
-0.018377
-0.018377
-0.018377
-0.018334
-0.018334
-0.018334
-0.018260
-0.018213
-0.018213
-0.018076
-0.018076
-0.018076
-0.018076
-0.018076
-0.018076
-0.018076
-0.017858
-0.017858
-0.017858
-0.017656
-0.017656
-0.017656
-0.017656
-0.017655
-0.017507
-0.017507
-0.017507
-0.017607
-0.017607
-0.017607
-0.017773
-0.017773
-0.018434
-0.018434
-0.018434
-0.018434
-0.018321
-0.018321
-0.018370
-0.018389
-0.018389
-0.018325
-0.018325
-0.018325
-0.018325
-0.018325
-0.018325
-0.018325
-0.017936
-0.017936
-0.017936
-0.017936
-0.017936
-0.017756
-0.017856
-0.017856
-0.017608
-0.017608
-0.017608
-0.017608
-0.017343
-0.017548
-0.017548
-0.017425
-0.017425
-0.017425
-0.017425
-0.017437
-0.017437
-0.017437
-0.017413
-0.017290
-0.017357
-0.017218
-0.017218
-0.017218
-0.017218
-0.017218
-0.017218
-0.017218
-0.017383
-0.017383
-0.017383
-0.017499
-0.017499
-0.017499
-0.017627
-0.017627
-0.017756
-0.017756
-0.017525
