-0.004233
-0.004233
-0.004333
-0.004333
-0.004470
-0.004470
-0.004470
-0.004497
-0.004497
-0.004597
-0.004597
-0.004597
-0.004597
-0.003832
-0.003832
-0.003932
-0.003932
-0.004132
-0.004132
-0.004132
-0.004132
-0.004232
-0.004232
-0.002644
-0.002644
-0.002744
-0.002884
-0.002884
-0.002884
-0.003128
-0.003128
-0.003348
-0.003307
-0.003407
-0.003407
-0.003407
-0.003607
-0.003607
-0.003607
-0.003607
-0.003607
-0.003229
-0.003129
-0.003229
-0.003229
-0.003259
-0.003259
-0.003359
-0.003359
-0.002684
-0.002784
-0.002784
-0.002766
-0.002866
-0.002866
-0.002866
-0.002771
-0.002771
-0.002871
-0.002971
-0.002971
-0.002971
-0.002971
-0.002742
-0.002742
-0.002809
-0.002909
-0.002909
-0.002707
-0.002707
-0.002707
-0.002707
-0.002707
-0.002811
-0.002811
-0.002811
-0.002811
-0.002640
-0.002640
-0.002740
-0.002740
-0.002840
-0.002826
-0.002826
-0.002800
-0.002800
-0.002900
-0.002900
-0.002900
-0.002670
-0.002670
-0.002670
-0.002670
-0.002670
-0.002770
-0.002770
-0.002970
-0.002970
-0.002349
-0.002349
-0.002549
-0.002549
-0.002549
-0.002549
-0.002549
-0.002549
-0.002534
-0.002534
-0.002534
-0.002634
-0.002609
-0.002609
-0.002709
-0.002709
-0.002809
-0.002809
-0.002909
-0.002909
-0.002816
-0.002816
-0.002816
-0.002916
-0.002873
-0.002873
-0.002873
-0.002973
-0.002973
-0.003073
-0.003073
-0.003073
-0.003129
-0.003129
-0.003229
-0.003329
-0.003329
-0.003329
-0.003329
-0.003429
-0.002611
-0.002611
-0.002711
-0.002711
-0.002711
-0.002711
-0.002885
-0.002885
-0.002985
-0.002985
-0.002985
-0.002216
-0.002216
-0.002216
-0.002216
-0.002165
-0.002165
-0.002165
-0.002265
-0.002265
-0.002265
-0.002365
-0.002465
-0.002465
-0.002565
-0.002565
-0.002565
-0.002171
-0.002171
-0.002171
-0.002171
-0.002271
-0.002271
-0.002371
-0.002471
-0.002471
-0.002471
-0.002571
-0.002571
-0.002671
-0.001450
-0.001450
-0.001450
-0.001550
-0.001550
-0.001570
-0.001570
-0.000975
-0.001704
-0.000975
-0.000975
-0.001075
-0.001075
-0.001175
-0.001175
-0.001275
-0.000988
-0.000988
-0.001188
-0.001188
-0.001188
-0.001188
-0.001288
-0.001288
-0.001178
-0.001178
-0.001178
-0.001278
-0.001278
-0.001278
-0.001117
-0.001217
-0.001317
-0.001417
-0.001317
-0.001417
-0.001517
-0.001517
-0.001517
-0.000731
-0.000731
-0.000731
-0.000731
-0.001416
-0.001416
-0.001516
-0.001516
-0.000945
-0.000945
-0.000945
-0.001145
-0.001145
-0.001145
-0.001145
-0.001145
-0.001245
-0.001345
-0.001345
-0.001345
-0.001345
-0.000295
-0.000295
-0.000395
-0.000495
-0.000495
-0.000595
-0.000595
-0.000595
-0.000795
-0.000795
-0.000795
-0.000519
-0.000121
-0.000121
-0.000121
-0.000194
-0.000284
-0.000284
-0.000194
-0.000284
0.000003
-0.000092
-0.000092
-0.000255
-0.000255
-0.000255
-0.000255
-0.000255
-0.000316
-0.000355
-0.000316
-0.000316
-0.000316
-0.000416
-0.001967
-0.001967
-0.001251
-0.001351
-0.001351
-0.001451
-0.001451
-0.001525
-0.001525
-0.001725
-0.001725
-0.001625
-0.001725
-0.001725
-0.001252
-0.001252
-0.001352
-0.001352
-0.001352
-0.001552
-0.001552
-0.000847
-0.000847
-0.000847
-0.000847
-0.000847
-0.001020
-0.001020
-0.001020
-0.001120
-0.001020
-0.000657
-0.001120
-0.000915
-0.000915
-0.001015
-0.001015
-0.001115
-0.001115
-0.001215
-0.001215
-0.001215
-0.001415
-0.001415
-0.001415
-0.001192
-0.001192
-0.001192
-0.001292
-0.001292
-0.001248
-0.001248
-0.001309
-0.001309
-0.001309
-0.001309
-0.001309
-0.001309
-0.001409
-0.001197
-0.001197
-0.001197
-0.001297
-0.001297
-0.001330
-0.001330
-0.001430
-0.001460
-0.001426
-0.001460
-0.001426
-0.001526
-0.001526
-0.001526
-0.001681
-0.001681
-0.001681
-0.001731
-0.001731
-0.001831
-0.001831
-0.001325
-0.001325
-0.001425
-0.001425
-0.001625
-0.001625
-0.001625
-0.001625
-0.001725
-0.001460
-0.001725
-0.001460
-0.001803
-0.001803
-0.001803
-0.001903
-0.001903
-0.001859
-0.001920
-0.001920
-0.001920
-0.002020
-0.002120
-0.002120
-0.002120
-0.002218
-0.002218
-0.002218
-0.002218
-0.002318
-0.002318
-0.002334
-0.002334
-0.002434
-0.002534
-0.002534
-0.001426
-0.001426
-0.001426
-0.001426
-0.001426
-0.001626
-0.001526
-0.001626
-0.001726
-0.001726
-0.001726
-0.001826
-0.001826
-0.001964
-0.001964
-0.001964
-0.001964
-0.002064
-0.002164
-0.002164
-0.002164
-0.001675
-0.001675
-0.001675
-0.001775
-0.001775
-0.001775
-0.002177
-0.002177
0.001103
0.001003
0.001003
0.000803
0.000803
0.000803
0.000803
0.000803
0.000745
0.000745
0.000745
0.000645
0.000645
0.000645
0.000545
0.000545
0.000445
0.000345
0.000345
0.000245
0.000245
0.000652
0.000652
0.000652
0.000552
0.000452
0.000452
0.000452
0.000352
0.000352
0.000352
0.001317
0.001417
0.001417
0.001317
0.001117
0.001117
0.001117
0.001117
0.001117
0.001117
0.001014
0.000914
0.000914
0.001169
0.001069
0.001069
0.001069
0.000969
0.000969
0.000822
0.000822
0.000722
0.000722
0.000622
0.000622
0.000522
0.000484
0.000484
0.000515
0.000515
0.000515
0.000515
0.000415
0.000415
0.000360
0.000460
0.000360
0.000225
0.000225
0.000225
0.000225
0.000778
0.000678
0.000678
0.000678
0.000578
0.000578
0.000478
0.000478
0.000378
0.000278
0.000278
0.000278
0.000362
0.000362
0.000495
0.000495
0.000395
0.000576
0.000576
0.000476
0.000476
0.000476
0.000376
0.000376
0.000276
0.000368
0.000368
0.000368
0.000465
0.000465
0.000465
0.000465
0.000365
0.000390
0.000390
0.000290
0.000290
0.000250
0.000250
0.000150
0.000150
0.000050
0.000050
-0.000050
-0.000050
-0.000150
-0.000150
-0.000150
0.000520
0.000520
0.000520
0.000420
0.000420
0.000420
0.000437
0.000437
0.000337
0.000337
0.000237
0.000122
0.000122
0.000122
0.000122
0.000122
0.000022
0.000344
0.000313
0.000344
0.000313
0.000313
0.000213
0.000213
0.000213
0.000076
0.000076
0.000076
-0.000024
-0.000124
-0.000124
-0.000224
-0.000224
-0.000324
-0.000324
-0.000324
-0.000424
-0.000424
-0.000524
-0.000524
-0.000624
-0.000724
-0.000724
0.000409
0.000409
0.000409
0.000409
0.000309
0.000309
0.000309
0.000990
0.000890
0.000890
0.000890
0.000890
0.000790
0.000590
0.000590
0.000590
0.000590
0.001091
0.000991
0.000991
0.000991
0.000891
0.000891
0.000791
0.000791
0.000691
0.000691
0.000591
0.000491
0.000491
0.000391
0.000391
0.000391
0.001140
0.001140
0.001140
0.001140
0.001040
0.000940
0.000940
0.000940
0.001046
0.000946
0.000946
0.000946
0.000846
0.000794
0.000794
0.000694
0.000694
0.000694
0.000594
0.000594
0.000845
0.000745
0.000745
0.000745
0.000645
0.000645
0.000545
0.000545
0.000345
0.000445
0.000345
0.000335
0.000335
0.000335
0.000335
0.000335
0.000208
0.000208
0.000108
0.000108
0.001210
0.001210
0.001110
0.001110
0.001010
0.001010
0.001010
0.001010
0.001010
0.000910
0.000858
0.000758
0.000758
0.000758
0.000869
0.000869
0.000822
0.000822
0.000865
0.000865
0.000865
0.000906
0.000906
0.000906
0.001036
0.001036
0.001036
0.001036
0.000936
0.000936
0.000836
0.000836
0.000736
0.000736
0.000636
0.000636
0.000620
0.000620
0.000620
0.000620
0.000520
0.000420
0.000520
0.000420
0.000420
0.000514
0.000514
0.000514
0.000766
0.000766
0.000666
0.000666
0.000566
0.000566
0.000607
0.000607
0.000407
0.000407
0.000407
0.000407
0.000307
0.000580
0.000580
0.000580
0.000480
0.000480
0.000380
0.000280
0.000280
0.000158
0.000158
0.000158
0.000058
-0.000042
-0.000042
-0.000042
0.000059
0.000059
0.000059
0.000059
0.000997
0.000997
0.000897
0.000897
0.000797
0.000697
0.000697
0.000697
0.000515
0.000515
0.000515
0.000415
0.000415
0.000412
0.000412
0.000412
0.000816
0.000716
0.000716
0.000616
0.000616
0.000516
0.000516
0.000416
0.000416
0.000316
0.000316
0.000216
0.000216
0.000300
0.000300
0.001588
0.001588
0.001588
0.001206
0.001106
0.001106
0.001006
0.001006
0.001452
0.001452
0.001452
0.001452
0.001452
0.001352
0.001347
0.001347
0.001247
0.001347
0.001247
0.001340
0.001340
0.001140
0.001140
0.001140
0.001040
0.001040
0.001040
0.000940
0.000840
0.000840
0.000911
0.000911
0.000911
0.000811
0.000811
0.000811
0.000890
0.000790
0.000690
0.000690
0.000690
0.001173
0.001173
0.001173
0.001173
0.001073
0.001073
0.001309
0.001471
0.001471
0.001471
0.001471
0.001371
0.001271
0.001171
0.001171
0.001171
0.001180
0.001080
0.001080
0.000980
0.000980
0.000008
0.000008
0.000008
-0.000092
-0.000192
-0.000092
-0.000292
-0.000292
-0.000392
-0.000392
0.003255
0.003255
0.003255
0.003255
0.003255
0.003666
0.003507
0.003507
0.003507
0.003668
0.003668
0.003603
0.003603
0.003603
0.003481
0.003481
0.003381
0.003608
0.003381
0.003608
0.003608
0.003853
0.003753
0.003753
0.003753
0.004289
0.004189
0.004289
0.004189
0.004189
0.004089
0.004089
0.003889
0.003889
0.003889
0.003889
0.003889
0.003887
0.003887
0.003887
0.003860
0.003860
0.003860
0.003760
0.003760
0.003560
0.003660
0.003560
0.003560
0.003460
0.003360
0.003360
0.003360
0.002604
0.002604
0.002604
0.002604
0.002504
0.002504
0.002404
0.002404
0.002304
0.002204
0.002204
0.002204
0.002004
0.002004
0.002004
0.001904
0.001904
0.002188
0.002188
0.002088
0.002088
0.001988
0.001988
0.001988
0.001888
0.001788
0.001788
0.001688
0.001688
0.003857
0.003857
0.003757
0.003757
0.003757
0.003657
0.003657
0.003557
0.003557
0.003457
0.003457
0.003357
0.003257
0.003257
0.003126
0.003126
0.003126
0.003126
0.003026
0.003026
0.003026
0.003470
0.003470
0.003470
0.003270
0.003270
0.003270
0.003170
0.003268
0.003268
0.003168
0.003268
0.003368
0.003368
0.003368
0.003268
0.003168
0.003168
0.003168
0.003068
0.002968
0.002968
0.002968
0.003267
0.003267
0.003267
0.003267
0.003067
0.003067
0.003067
0.003067
0.002967
0.002967
0.003165
0.003265
0.003165
0.003065
0.003165
0.003065
0.003065
0.002965
0.002865
0.002865
0.002765
0.002765
0.002665
0.002665
0.002502
0.002502
0.002402
0.002402
0.002302
0.002302
0.002302
0.002202
0.002818
0.002818
0.002718
0.002601
0.002601
0.002601
0.002601
0.002601
0.002501
0.002401
0.002401
0.002301
0.002301
0.002301
0.002631
0.002631
0.002531
0.002431
0.002531
0.002431
0.002331
0.002231
0.002231
0.002231
0.002031
0.002031
0.002031
0.002031
0.001931
0.001931
0.001831
0.001731
0.001731
0.001910
0.001910
0.001910
0.001710
0.001710
0.001710
0.001710
0.001610
0.001610
0.001327
0.001227
0.001227
0.001227
0.001127
0.001127
0.000927
0.000927
0.000927
0.000927
0.000997
0.001097
0.000997
0.000997
0.001143
0.001143
0.001143
0.001143
0.001091
0.001091
0.000991
0.000891
0.000891
0.001107
0.001107
0.000907
0.000907
0.000907
0.000907
0.000807
0.000807
0.000807
0.000985
0.000985
0.001265
0.001265
0.001165
0.001165
0.001065
0.000965
0.000965
0.000865
0.000865
0.000988
0.000988
0.000888
0.000988
0.000870
0.000870
0.000870
0.000770
0.000770
0.000670
0.000670
0.002155
0.002400
0.002400
0.002200
0.002200
0.002200
0.002200
0.002200
0.002144
0.002044
0.002044
0.002044
0.002084
0.002084
0.002361
0.002361
0.002361
0.002448
0.002448
0.002448
0.002348
0.002348
0.002248
0.002248
0.002148
0.002378
0.002378
0.002378
0.002278
0.002278
0.002278
0.002178
0.002078
0.001978
0.001978
0.001978
0.002799
0.002799
0.002799
0.002799
0.002699
0.002599
0.002599
0.002599
0.002499
0.002499
0.002399
0.002399
0.002288
0.002288
0.002288
0.002288
0.002188
0.002188
0.002281
0.002281
0.002181
0.002147
0.002147
0.002147
0.002047
0.001947
0.001947
0.001847
0.001847
0.002003
0.002003
0.002416
0.002416
0.002416
0.002416
0.002416
0.002316
0.002216
0.002216
0.002216
0.002116
0.002116
0.002016
0.002016
0.001781
0.001916
0.001781
0.001681
0.001781
0.001681
0.001581
0.001581
0.001481
0.001381
0.001381
0.001381
0.001744
0.001744
0.001644
0.001644
0.001544
0.001444
0.001444
0.002103
0.002103
0.002103
0.002103
0.002103
0.002003
0.001903
0.001903
0.001903
0.001803
0.001803
0.001703
0.001703
0.001603
0.001610
0.001610
0.001510
0.001510
0.001689
0.001689
0.001689
0.001589
0.001617
0.001617
0.001617
0.001517
0.001517
0.001517
0.001394
0.001392
0.001392
0.001392
0.002196
0.002196
0.002196
0.002196
0.002298
0.002298
0.002198
0.002198
0.002098
0.002198
0.002098
0.002131
0.002131
0.002131
0.002206
0.002106
0.002106
0.002006
0.002006
0.001906
0.002167
0.002167
0.002067
0.002067
0.002067
0.001967
0.001967
0.001967
0.001919
0.001819
0.001924
0.001924
0.001796
0.001796
0.001796
0.001796
0.001696
0.001696
0.001596
0.001596
0.001596
0.001496
0.001496
0.002089
0.002089
0.001989
0.001989
0.001889
0.001889
0.001789
0.001689
0.001689
0.001689
0.001589
0.001489
0.001489
0.001489
0.001902
0.001902
0.001802
0.001702
0.001702
0.002030
0.002030
0.002030
0.001830
0.001830
0.001730
0.001730
0.001830
0.001634
0.001634
0.001634
0.001634
0.001454
0.001349
0.001349
0.001249
0.001149
0.001149
0.001049
0.001149
0.001049
0.001424
0.001424
0.001402
0.001368
0.001368
0.001268
0.001368
0.001268
0.001067
0.001067
0.001224
0.001067
0.001124
0.001124
0.000924
0.000924
0.000924
0.000924
0.001531
0.001531
0.001431
0.001431
0.001331
0.001234
0.001234
0.001234
0.001529
0.001429
0.001429
0.001429
0.001429
0.001636
0.001636
0.001636
0.001536
0.001436
0.001436
0.001436
0.001336
0.001336
0.001394
0.001394
0.001360
0.001360
0.001260
0.001260
0.001060
0.001060
0.001060
0.001060
0.000960
0.000860
0.000860
0.002278
0.002278
0.002278
0.002178
0.002278
0.002078
0.001978
0.002078
0.001978
0.001977
0.001877
0.001877
0.001877
0.001774
0.001774
0.001674
0.001674
0.001574
0.001574
0.001474
0.001474
0.001564
0.001564
0.001464
0.001310
0.001310
0.001310
0.001310
0.001310
0.001387
0.001487
0.001387
0.001387
0.001387
0.001287
0.001187
0.001187
0.001087
0.001078
0.001078
0.001078
0.000978
0.001184
0.001184
0.001184
0.001084
0.001082
0.001082
0.001082
0.001121
0.001121
0.001021
0.001021
0.000921
0.000921
0.000821
0.000821
0.001835
0.001835
0.001835
0.001835
0.001735
0.001735
0.001692
0.001714
0.001714
0.001714
0.001614
0.001614
0.001514
0.001734
0.001734
0.001634
0.001734
0.001634
0.001534
0.001269
0.001269
0.001248
0.001248
0.001248
0.001248
0.001332
0.001332
0.001332
0.001232
0.001232
0.001132
0.001132
0.000932
0.000932
0.000932
0.000832
0.000832
0.001456
0.001456
0.001456
0.001356
0.001356
0.001256
0.001256
0.001156
0.001056
0.001056
0.001056
0.001228
0.001228
0.001128
0.001128
0.001220
0.001120
0.001120
0.001120
0.001120
0.001020
0.001018
0.001020
0.000918
0.000818
0.000818
0.000818
0.001042
0.001042
0.001042
0.001042
0.000942
0.000942
0.000842
0.000842
0.003573
0.003573
0.003473
0.003373
0.003473
0.003273
0.003273
0.003273
0.003273
0.003125
0.003173
0.003125
0.003063
0.003163
0.003063
0.003063
0.003063
0.002963
0.002963
0.002863
0.002871
0.002771
0.002771
0.002771
0.002571
0.002571
0.002571
0.002571
0.002571
0.002512
0.002412
0.002312
0.002412
0.002312
0.002312
0.002212
0.002212
0.002425
0.002425
0.002425
0.002425
0.002325
0.002225
0.002225
0.002225
0.002116
0.002438
0.002338
0.002338
0.002238
0.002238
0.002238
0.002138
0.002038
0.002038
0.002038
0.002113
0.002113
0.002113
0.002113
0.002013
0.002013
0.002092
0.002092
0.002066
0.002066
0.002066
0.001930
0.001930
0.001975
0.001930
0.001975
0.001875
0.001989
0.001989
0.001989
0.001889
0.001789
0.001789
0.001789
0.001689
0.001689
0.001977
0.001977
0.001877
0.001877
0.001850
0.001850
0.001741
0.001741
0.001741
0.001741
0.001741
0.001912
0.002012
0.001912
0.001812
0.001812
0.001955
0.001955
0.001855
0.001755
0.001755
0.001755
0.001655
0.001655
0.001472
0.001472
0.001437
0.001337
0.001337
0.001337
0.001237
0.001237
0.001237
0.001137
0.001468
0.001468
0.001368
0.001326
0.001326
0.001326
0.001326
0.001326
0.001501
0.001401
0.001401
0.001401
0.001401
0.001301
0.001201
0.001201
0.001021
0.000921
0.000921
0.000921
0.000821
0.000921
0.000721
0.000721
0.000621
0.000721
0.000521
0.000521
0.000483
0.000483
0.000383
0.000383
0.000383
0.000283
0.000298
0.000298
0.000283
0.000098
0.000098
0.000098
0.000044
0.000044
0.000238
0.000238
0.000238
0.000138
0.000238
0.000238
0.000238
0.000301
0.000301
0.000063
0.000301
0.000063
-0.000037
-0.000037
-0.000037
-0.000137
-0.000299
-0.000299
-0.000399
-0.000399
-0.000399
-0.000353
-0.000353
-0.000453
-0.000577
-0.000577
-0.000676
-0.000676
-0.000676
-0.000676
-0.000656
-0.000756
-0.000656
-0.000756
-0.000756
-0.000856
-0.000856
-0.000956
-0.001056
-0.001056
-0.001156
-0.001156
-0.001256
-0.001256
-0.000950
-0.000950
-0.001050
-0.001050
-0.001150
-0.001150
0.000286
0.000286
0.000186
0.000202
0.000186
0.000202
0.000202
0.000102
-0.000098
-0.000098
-0.000098
-0.000098
-0.000198
-0.000198
-0.000267
-0.000267
-0.000267
-0.000367
-0.000467
-0.000467
-0.000182
-0.000182
-0.000282
-0.000282
-0.000282
-0.000382
-0.000482
-0.000482
-0.000482
-0.000065
-0.000165
-0.000165
-0.000265
-0.000265
-0.000265
-0.000161
-0.000061
-0.000261
-0.000261
-0.000261
-0.000261
-0.000672
-0.000672
-0.000672
-0.000772
-0.000872
-0.000872
-0.000872
-0.000030
-0.000030
-0.000130
-0.000130
-0.000130
-0.000230
-0.000330
-0.000330
-0.000330
-0.000311
-0.000411
-0.000411
-0.000511
-0.000611
-0.000611
-0.000611
-0.000611
-0.000711
-0.000711
-0.000811
-0.000811
-0.000813
-0.000813
-0.000813
-0.001013
-0.001013
-0.001013
-0.001013
-0.001013
-0.001113
-0.001213
-0.001213
-0.000134
-0.000134
-0.000134
-0.000234
-0.000334
-0.000535
-0.000535
-0.000056
-0.000056
-0.000056
-0.000156
-0.000156
-0.000256
-0.000256
-0.000256
-0.000356
-0.000356
-0.000456
-0.000456
-0.000462
-0.000562
-0.000562
-0.000662
-0.000662
-0.000862
-0.000862
-0.000862
-0.000862
-0.000862
-0.000752
-0.000752
-0.000752
-0.000752
-0.000811
-0.000793
-0.000793
-0.000893
-0.000993
-0.000993
-0.000993
-0.001018
-0.001018
-0.001118
-0.001118
-0.001118
-0.000516
-0.000516
-0.000516
-0.000616
-0.000616
-0.000616
-0.000654
-0.000754
-0.000854
-0.000854
-0.001039
-0.001039
-0.001039
-0.001039
-0.001139
-0.001139
-0.001239
-0.001239
-0.001239
-0.001500
-0.001500
-0.001600
-0.001600
-0.001600
-0.001700
-0.001800
-0.001800
-0.001900
-0.001900
-0.001949
-0.001949
-0.001985
-0.002459
-0.002459
-0.002459
-0.002559
-0.002659
-0.002559
-0.002659
-0.002659
-0.002859
-0.002859
-0.002859
-0.003059
-0.003059
-0.003059
-0.003059
-0.001222
-0.001222
-0.001322
-0.001322
-0.001422
-0.001422
-0.001522
-0.001522
-0.001622
-0.001622
-0.001722
-0.001722
-0.001822
-0.001822
-0.001922
-0.001922
-0.001922
-0.002022
-0.002122
-0.002122
-0.002222
-0.002122
-0.002222
-0.002222
-0.002422
-0.002522
-0.002522
-0.002522
-0.002522
-0.001183
-0.001183
-0.001183
-0.001979
-0.002079
-0.002079
-0.002079
-0.002179
-0.002179
-0.002279
-0.002279
-0.002379
-0.002479
-0.002479
-0.002479
-0.002579
-0.002579
-0.002187
-0.002187
-0.002187
-0.002287
-0.002387
-0.002387
-0.002387
-0.002487
-0.002487
-0.002587
-0.002587
-0.002687
-0.002787
-0.002787
-0.002792
-0.002792
-0.002792
-0.002792
-0.002992
-0.002992
-0.002992
-0.003092
-0.003092
-0.003092
-0.003092
-0.003829
-0.003929
-0.003929
-0.004029
-0.004029
-0.004129
-0.004129
-0.004129
-0.004229
-0.004229
0.002246
0.002146
0.002146
0.002046
0.002046
0.002046
0.001946
0.001946
0.001746
0.001746
0.001746
0.001546
0.001546
0.001546
0.001546
0.001786
0.001686
0.001686
0.001686
0.001586
0.001586
0.001586
0.001486
0.001386
0.001386
0.001286
0.001286
0.001562
0.001562
0.001462
0.001462
0.001462
0.001482
0.001482
0.001482
0.001382
0.001382
0.001282
0.001182
0.001182
0.001182
0.001082
0.000774
0.000774
0.000774
0.000774
0.000774
0.000774
0.000744
0.000744
0.000744
0.000703
0.000703
0.000603
0.000603
0.000503
0.000481
0.000481
0.000481
0.000667
0.000667
0.000667
0.000567
0.000567
0.000467
0.000367
0.000367
0.000367
0.000267
0.000371
0.000371
0.000271
0.000171
0.000171
0.000171
-0.000029
-0.000029
-0.000029
-0.000129
-0.000029
-0.000129
-0.000229
-0.000229
-0.000508
-0.000508
-0.000608
-0.000608
-0.000708
-0.000708
-0.000808
-0.000808
-0.000908
-0.000298
-0.000908
-0.000298
-0.000398
-0.000398
-0.000498
-0.000498
-0.000498
-0.000598
-0.000684
-0.000784
-0.000784
-0.000784
-0.000446
-0.000446
-0.000646
-0.000646
-0.000646
-0.000646
-0.000646
-0.000712
-0.000812
-0.000812
-0.000912
-0.000912
-0.000912
-0.000180
-0.000280
-0.000906
-0.000906
-0.000816
-0.000816
-0.000916
-0.000916
-0.000916
-0.001016
-0.001116
-0.001116
-0.001116
-0.000403
-0.000403
-0.000403
-0.000503
-0.000603
-0.000603
-0.000703
-0.001058
-0.001058
-0.001058
-0.001058
-0.001058
-0.001158
-0.001258
-0.001258
-0.001381
-0.001381
-0.001381
-0.001272
-0.001272
-0.001372
-0.001472
-0.001472
-0.001472
-0.002032
-0.002132
-0.002132
-0.002132
-0.002132
-0.002332
-0.002332
-0.002332
-0.002332
-0.002432
-0.002532
-0.002532
-0.002632
-0.002732
-0.002732
-0.002670
-0.002670
-0.002670
-0.002670
-0.002670
-0.002670
-0.002870
-0.002870
-0.002870
-0.002970
-0.002970
-0.002970
-0.003070
-0.002804
-0.002804
-0.002904
-0.003004
-0.002904
-0.003004
-0.003124
-0.003124
-0.003124
-0.001575
-0.001575
-0.001575
-0.001153
-0.001153
-0.001253
-0.001353
-0.001453
-0.001353
-0.001453
-0.001453
-0.001948
-0.001948
-0.001948
-0.001948
-0.001948
-0.002055
-0.002055
-0.002055
-0.002155
-0.002155
-0.002255
-0.002255
-0.002255
-0.002355
-0.002337
-0.002337
-0.002437
-0.002537
-0.002537
-0.002537
-0.002537
-0.002737
-0.002637
-0.002737
-0.002837
-0.002837
-0.002904
-0.002904
-0.003004
-0.003104
-0.003104
-0.003104
-0.003278
-0.003278
-0.003278
-0.003278
-0.003478
-0.003378
-0.003478
-0.003478
-0.003478
-0.003578
-0.003578
-0.003391
-0.003391
-0.003491
-0.003591
-0.003591
-0.003591
-0.003691
-0.003691
-0.003791
-0.003825
-0.003825
-0.003925
-0.003887
-0.003925
-0.003887
-0.003681
-0.003681
-0.003781
-0.003881
-0.003881
-0.004081
-0.003981
-0.004081
-0.004081
-0.004081
-0.004181
-0.004181
-0.004181
-0.004281
-0.004381
-0.004381
-0.004410
-0.004410
-0.004410
-0.004510
-0.004610
-0.004610
-0.004216
-0.004216
-0.004316
-0.004316
-0.004416
-0.004516
-0.004516
-0.004516
-0.004616
-0.004616
-0.004616
-0.004616
-0.004716
-0.004816
-0.004816
-0.004816
-0.004700
-0.004700
-0.004700
-0.004700
-0.004700
-0.004642
-0.004742
-0.004742
-0.004694
-0.004694
-0.004694
-0.004794
-0.004794
-0.004872
-0.004872
-0.004872
-0.004972
-0.004972
-0.005072
-0.005072
-0.005072
-0.004326
-0.004426
-0.004426
-0.004426
-0.004526
-0.004526
-0.004626
-0.004626
-0.004333
-0.004433
-0.004433
-0.004433
-0.004633
-0.004633
-0.004633
-0.004701
-0.004701
-0.004801
-0.004801
-0.004724
-0.004724
-0.004724
-0.004824
-0.004824
-0.004924
