0.001762
0.001862
0.001762
0.001762
0.001662
0.001662
0.001462
0.001462
0.001462
0.001462
0.001362
0.001362
0.001262
0.001262
0.001162
0.001162
0.001062
0.001062
0.000962
0.000862
0.000862
0.000862
0.000762
0.000762
0.000662
0.000662
0.000562
0.000462
0.000462
0.000462
0.000362
0.000362
0.000262
0.000262
0.000062
0.000062
0.000062
0.000062
-0.000138
-0.000138
-0.000138
-0.000138
-0.000238
-0.000338
-0.000338
-0.000338
-0.000438
-0.000438
-0.000438
-0.000538
-0.000638
-0.000638
-0.000738
-0.000838
-0.000838
-0.000938
-0.000838
-0.000938
-0.001038
-0.001138
-0.001138
-0.001138
-0.001238
-0.001238
-0.001238
0.001508
0.001408
0.001308
0.001308
0.001308
0.001108
0.001108
0.001108
0.001108
0.001108
0.001008
0.000908
0.000908
0.000808
0.000708
0.000808
0.000708
0.000608
0.000608
0.000508
0.000508
0.000408
0.000408
0.000308
0.000308
0.000208
0.000108
0.000108
0.000108
0.000108
0.000008
-0.000092
-0.000192
-0.000192
-0.000192
-0.000292
-0.000292
-0.000492
-0.000492
-0.000492
-0.000492
-0.000492
-0.000592
-0.000692
-0.000792
-0.000792
-0.000792
-0.000892
-0.000892
-0.000992
-0.000992
-0.001092
-0.001092
-0.001192
-0.001292
-0.001292
-0.001292
-0.001392
-0.001492
-0.001492
-0.001592
-0.001592
-0.001592
-0.001692
-0.001692
-0.001692
-0.001792
-0.001892
-0.002092
-0.002092
-0.002092
-0.002092
-0.002092
-0.002192
-0.002292
-0.002292
-0.002292
-0.002392
-0.002392
-0.002492
-0.002492
-0.002592
0.002992
0.002992
0.002992
0.002892
0.002792
0.002792
0.002792
0.002692
0.002592
0.002592
0.002592
0.002492
0.002492
0.002392
0.002392
0.002392
0.002292
0.002192
0.001992
0.001992
0.001992
0.001992
0.001992
0.001892
0.001892
0.001792
0.001792
0.001692
0.001692
0.001692
0.001592
0.001492
0.001392
0.001392
0.001392
0.001292
0.001292
0.001292
0.001192
0.001092
0.000992
0.000992
0.000992
0.000892
0.000892
0.000892
0.000792
0.000792
0.000692
0.000592
0.000592
0.000392
0.000392
0.000392
0.000392
0.000292
0.000192
0.000192
0.000192
0.000092
0.000092
0.000092
-0.000008
-0.000208
-0.000208
-0.000208
-0.000208
-0.000308
-0.000308
-0.000408
-0.000408
-0.000508
-0.000508
-0.000608
-0.000608
-0.000608
-0.000708
-0.000708
-0.000908
-0.000908
-0.001008
-0.001208
-0.001008
-0.001208
-0.001208
-0.001208
-0.001208
-0.001308
-0.001308
0.001712
0.001712
0.001612
0.001612
0.001512
0.001512
0.001412
0.001312
0.001312
0.001212
0.001312
0.001112
0.001112
0.001112
0.000912
0.000912
0.000912
0.000912
0.000812
0.000712
0.000812
0.000712
0.000512
0.000512
0.000512
0.000312
0.000312
0.000312
0.000312
0.000212
0.000112
0.000112
0.000112
0.000112
0.000012
0.000012
-0.000088
-0.000088
-0.000288
-0.000288
-0.000288
-0.000288
-0.000388
-0.000388
-0.000388
-0.000588
-0.000588
-0.000688
-0.000688
-0.000688
-0.000788
-0.000788
-0.000888
-0.000788
-0.000988
-0.000988
-0.001088
-0.001088
-0.001288
-0.001288
-0.001288
-0.001288
-0.001488
-0.001488
-0.001488
-0.001588
-0.001588
-0.001588
-0.001588
-0.001688
-0.001788
-0.001888
-0.001888
-0.001888
-0.001988
-0.001988
-0.002088
-0.002088
-0.002188
-0.002288
-0.002288
-0.002288
-0.002388
-0.002388
-0.002488
-0.002488
0.002317
0.002217
0.002217
0.002017
0.002017
0.002017
0.002017
0.002017
0.001917
0.001817
0.001817
0.001817
0.001817
0.001717
0.001617
0.001617
0.001617
0.001517
0.001417
0.001417
0.001317
0.001317
0.001217
0.001217
0.001217
0.001117
0.001017
0.001017
0.000917
0.000917
0.000817
0.000817
0.000617
0.000717
0.000617
0.000617
0.000417
0.000417
0.000417
0.000317
0.000317
0.000217
0.000217
0.000117
0.000117
0.000117
0.000017
0.000017
-0.000183
-0.000183
-0.000183
-0.000183
-0.000183
-0.000383
-0.000383
-0.000483
-0.000583
-0.000583
-0.000583
-0.000583
-0.000683
-0.000683
-0.000783
-0.000783
-0.000783
-0.000983
-0.000983
-0.000983
-0.001183
-0.001183
-0.001183
-0.001183
-0.001183
-0.001383
-0.001383
-0.001483
-0.001483
-0.001483
-0.001583
-0.001683
-0.001683
-0.001783
-0.001783
-0.001783
-0.001883
-0.001983
-0.001983
-0.002083
-0.002083
-0.002183
-0.002283
-0.002183
-0.002283
-0.002283
0.002013
0.002013
0.002013
0.001913
0.001913
0.001713
0.001713
0.001713
0.001713
0.001713
0.001513
0.001513
0.001513
0.001413
0.001413
0.001413
0.001313
0.001213
0.001213
0.001113
0.001113
0.001013
0.001013
0.001013
0.000913
0.000913
0.000813
0.000813
0.000713
0.000613
0.000713
0.000613
0.000613
0.000413
0.000313
0.000413
0.000313
0.000113
0.000113
0.000113
0.000113
0.000113
0.000013
0.000013
-0.000087
-0.000087
-0.000187
-0.000187
-0.000187
-0.000287
-0.000287
-0.000487
-0.000487
-0.000587
-0.000587
-0.000587
-0.000687
-0.000787
-0.000887
-0.000887
-0.000887
-0.000887
-0.000987
-0.001087
-0.001087
-0.001087
-0.001087
-0.001187
-0.001287
-0.001487
-0.001487
-0.001487
-0.001487
-0.001587
-0.001587
-0.001687
-0.001687
-0.001787
-0.001787
-0.001787
-0.001987
-0.001887
-0.001987
-0.002087
-0.002087
-0.002187
-0.002187
-0.002187
-0.002287
-0.002287
-0.002387
-0.002487
-0.002487
-0.002487
0.002044
0.002044
0.001944
0.001944
0.001844
0.001844
0.001744
0.001544
0.001544
0.001544
0.001544
0.001544
0.001444
0.001444
0.001344
0.001344
0.001244
0.001244
0.001144
0.001044
0.000944
0.000944
0.000944
0.000844
0.000844
0.000744
0.000744
0.000644
0.000744
0.000544
0.000544
0.000544
0.000444
0.000444
0.000444
0.000344
0.000244
0.000244
0.000144
0.000144
-0.000056
-0.000056
-0.000056
-0.000056
-0.000256
-0.000156
-0.000256
-0.000256
-0.000356
-0.000356
-0.000356
-0.000456
-0.000556
-0.000656
-0.000656
-0.000656
-0.000756
-0.000756
-0.000856
-0.000856
-0.000956
-0.001056
-0.001056
-0.001056
-0.001156
-0.001156
-0.001156
-0.001256
-0.001256
-0.001456
-0.001456
-0.001656
-0.001656
-0.001656
-0.001656
-0.001756
-0.001656
-0.001756
-0.001856
-0.001856
-0.001956
-0.002056
-0.002056
-0.002056
-0.002156
-0.002256
-0.002256
-0.002356
-0.002356
-0.002456
-0.002356
0.001620
0.001620
0.001520
0.001520
0.001520
0.001520
0.001420
0.001320
0.001320
0.001120
0.001120
0.000920
0.000920
0.000920
0.000920
0.000920
0.000920
0.000820
0.000720
0.000720
0.000720
0.000620
0.000620
0.000620
0.000520
0.000420
0.000420
