0.006896
0.006896
0.006896
0.006882
0.006869
0.006869
0.006855
0.006855
0.006841
0.006841
0.006841
0.006841
0.006813
0.006813
0.006813
0.006800
0.006800
0.006786
0.006786
0.006772
0.006758
0.006758
0.006731
0.006731
0.006731
0.006731
0.006717
0.006717
0.006703
0.006703
0.006689
0.006689
0.006689
0.006675
0.006662
0.006662
0.006648
0.006648
0.006648
0.006634
0.006634
0.006620
0.006606
0.006606
0.006593
0.006593
0.006593
0.006579
0.006579
0.006565
0.006551
0.006551
0.006537
0.006510
0.006537
0.006510
0.006510
0.006510
0.006496
0.006482
0.006482
0.006482
0.006482
0.006468
0.006468
0.006455
0.006441
0.006427
0.006427
0.006427
0.006427
0.006399
0.006399
0.006399
0.006386
0.006372
0.006386
0.006372
0.006358
0.006358
0.006358
0.006344
0.006330
0.006330
0.006317
0.006317
0.006289
0.006289
0.006289
0.006275
0.006275
0.006261
0.006261
0.006261
0.006261
0.006248
0.006248
0.006234
0.006234
0.006206
0.006206
0.006206
0.006206
0.006192
0.006192
0.006179
0.006179
0.006165
0.006151
0.006151
0.006151
0.006137
0.006137
0.006123
0.006110
0.006096
0.006096
0.006096
0.006068
0.006068
0.006068
0.006068
0.006068
0.006041
0.006054
0.006041
0.006041
0.006027
0.006027
0.006013
0.006013
0.005999
0.005986
0.005986
0.005972
0.005958
0.005958
0.005958
0.005944
0.005944
0.005930
0.005916
0.005916
0.005916
0.005916
0.005903
0.005903
0.005889
0.005875
0.005875
0.005847
0.005847
0.005847
0.005847
0.005847
0.005820
0.005820
0.005820
0.005820
0.005806
0.005806
0.005792
0.005792
0.005778
0.005765
0.005765
0.005751
0.005751
0.005737
0.005737
0.005737
0.005709
0.005709
0.005709
0.005709
0.005709
0.005696
0.005696
0.005668
0.005668
0.005654
0.005654
0.005627
0.005627
0.005627
0.005627
0.005627
0.005627
0.005599
0.005599
0.005599
0.005585
0.005572
0.005572
0.005557
0.005557
0.005544
0.005544
0.005530
0.005530
0.005517
0.005517
0.005517
0.005503
0.005489
0.005489
0.005489
0.005475
0.005475
0.005461
0.005461
0.005461
0.005434
0.005434
0.005420
0.005406
0.005406
0.005406
0.005406
0.005392
0.005379
0.005379
0.005365
0.005365
0.005365
0.005365
0.005337
0.005337
0.005323
0.005323
0.005323
0.005296
0.005296
0.005296
0.005296
0.005268
0.005268
0.005268
0.005254
0.005254
0.005254
0.005241
0.005227
0.005227
0.005213
0.005213
0.005213
0.005185
0.005185
0.005185
0.005185
0.005171
0.005171
0.005158
0.005144
0.005144
0.005144
0.005130
0.005130
0.005116
0.005102
0.005102
0.005102
0.005088
0.005088
0.005075
0.005075
0.005047
0.005061
0.005047
0.005047
0.005033
0.005033
0.005020
0.005020
0.005006
0.004992
0.004992
0.004964
0.004964
0.004964
0.004964
0.004951
0.004951
0.004937
0.004937
0.004937
0.004923
0.004923
0.004923
0.004909
0.004895
0.004882
0.004868
0.004882
0.004868
0.004854
0.004854
0.004854
0.004826
0.004826
0.004826
0.004826
0.004813
0.004813
0.004799
0.004799
0.004771
0.004771
0.004771
0.004744
0.004744
0.004744
0.004744
0.004744
0.004730
0.004716
0.004716
0.004716
0.004716
0.004702
0.004702
0.004689
0.004675
0.004675
0.004661
0.004661
0.004661
0.004633
0.004633
0.004633
0.004620
0.004606
0.004606
0.004606
0.004592
0.004578
0.004578
0.004592
0.004578
0.004564
0.004551
0.004551
0.004523
0.004523
0.004523
0.004523
0.004523
0.004495
0.004509
0.004495
0.004495
0.004495
0.004481
0.004468
0.004468
0.004454
0.004440
0.004440
0.004426
0.004426
0.004413
0.004413
0.004385
0.004385
0.004399
0.004385
0.004385
0.004371
0.004371
0.004357
0.004357
0.004357
0.004282
0.004282
0.004177
0.004177
0.004177
0.004177
0.004177
0.004073
0.004073
0.004073
0.004020
0.004073
0.003968
0.004020
0.003915
0.003915
0.003863
0.003863
0.003811
0.003811
0.003758
0.003758
0.003758
0.003653
0.003653
0.003653
0.003601
0.003601
0.003601
0.003549
0.003549
0.003444
0.003444
0.003339
0.003339
0.003339
0.003339
0.003339
0.003339
0.003287
0.003234
0.003234
0.003234
0.003182
0.003182
0.003129
0.003129
0.003077
0.003025
0.002972
0.003025
0.002972
0.002920
0.002920
0.002920
0.002815
0.002815
0.002815
0.002763
0.002763
0.002710
0.002710
0.002658
0.002658
0.002605
0.002605
0.002501
0.002501
0.002501
0.002501
0.002448
0.002396
0.002448
0.002396
0.002343
0.002343
0.002343
0.002291
0.002291
0.002239
0.002187
0.002187
0.002187
0.002134
0.002081
0.002081
0.002081
0.001977
0.001977
0.001977
0.001977
0.001924
0.001924
0.001872
0.001872
0.001820
0.001767
0.001767
0.001662
0.001662
0.001662
0.001662
0.001662
0.001558
0.001610
0.001558
0.001505
0.001505
0.001505
0.001453
0.001453
0.001348
0.001348
0.001348
0.001348
0.001295
0.001243
0.001243
0.001243
0.001138
0.001138
0.001138
0.001086
0.001086
0.001086
0.001034
0.001034
0.000981
0.000929
0.000929
0.000824
0.000824
0.000824
0.000824
0.000824
0.000719
0.000719
0.000719
0.000667
0.000667
0.000667
0.000615
0.000615
0.000562
0.000510
0.000510
0.000457
0.000457
0.000405
0.000405
0.000405
0.000353
0.000300
0.000300
0.000300
0.000248
0.000248
0.000248
0.000091
0.000143
0.000143
0.000091
-0.000014
-0.000014
-0.000014
-0.000014
-0.000014
-0.000014
-0.000067
-0.000119
-0.000119
-0.000171
-0.000224
-0.000224
-0.000224
-0.000276
-0.000276
-0.000328
-0.000328
-0.000381
-0.000381
-0.000433
-0.000433
-0.000486
-0.000538
-0.000538
-0.000590
-0.000590
-0.000590
-0.000590
-0.000643
-0.000643
-0.000748
-0.000695
-0.000748
-0.000853
-0.000853
-0.000853
-0.000853
-0.000905
-0.000957
-0.000957
-0.000957
-0.001010
-0.001010
-0.001062
-0.001062
-0.001114
-0.001167
-0.001167
-0.001167
-0.001219
-0.001219
-0.001272
-0.001272
-0.001324
-0.001377
-0.001377
-0.001429
-0.001429
-0.001429
-0.001481
-0.001481
-0.001534
-0.001586
-0.001586
-0.001586
-0.001691
-0.001691
-0.001691
-0.001691
-0.001743
-0.001796
-0.001796
-0.001848
-0.001848
-0.001900
-0.001900
-0.001953
-0.001953
-0.002005
-0.002005
-0.002057
-0.002057
-0.002110
-0.002110
-0.002110
-0.002215
-0.002215
-0.002215
-0.002267
-0.002267
-0.002267
-0.002320
-0.002320
-0.002372
-0.002372
-0.002424
-0.002529
-0.002529
-0.002529
-0.002529
-0.002529
-0.002582
-0.002634
-0.002686
-0.002634
-0.002686
-0.002686
-0.002739
-0.002739
-0.002739
-0.002843
-0.002843
-0.002843
-0.002896
-0.002948
-0.002948
-0.003001
-0.003001
-0.003053
-0.003053
-0.003053
-0.003105
-0.003105
-0.003158
-0.003158
-0.003210
-0.003263
-0.003263
-0.003367
-0.003367
-0.003367
-0.003367
-0.003420
-0.003420
-0.003420
-0.003472
-0.003525
-0.003525
-0.003525
-0.003525
-0.003577
-0.003682
-0.003682
-0.003682
-0.003682
-0.003734
-0.003786
-0.003786
-0.003786
-0.003839
-0.003839
-0.003891
-0.003891
-0.003944
-0.003944
-0.003996
-0.004049
-0.004049
-0.004101
-0.004101
-0.004101
-0.004206
-0.004206
-0.004206
-0.004206
-0.004259
-0.004311
-0.004311
-0.004311
-0.004363
-0.004415
-0.004415
-0.004415
-0.004468
-0.004520
-0.004520
-0.004573
-0.004573
-0.004573
-0.004625
-0.004625
-0.004677
-0.004730
-0.004730
-0.004730
-0.004782
-0.004782
-0.004835
-0.004835
-0.004939
-0.004887
-0.004939
-0.005044
-0.005044
-0.005044
-0.005044
-0.005044
-0.005097
-0.005097
-0.005149
-0.005149
-0.005201
-0.005201
-0.005254
-0.005254
-0.005306
-0.005358
-0.005358
-0.005358
-0.005358
-0.005411
-0.005463
-0.005516
-0.005516
-0.005516
-0.005568
-0.005568
-0.005620
-0.005620
-0.005673
-0.005673
-0.005673
-0.005778
-0.005778
-0.005778
-0.005883
-0.005883
-0.005883
-0.005883
-0.005935
-0.005935
-0.005987
-0.005987
-0.006040
-0.006040
-0.006092
-0.006092
-0.006197
-0.006197
-0.006197
-0.006197
-0.006249
-0.006302
-0.006249
-0.006302
-0.006302
-0.006407
-0.006407
-0.006407
-0.006459
-0.006459
-0.006511
-0.006511
-0.006564
-0.006564
-0.006616
-0.006616
-0.006677
-0.006677
-0.006677
-0.006677
-0.006701
-0.006726
-0.006726
-0.006726
-0.006751
-0.006751
-0.006775
-0.006800
-0.006800
-0.006825
-0.006825
-0.006825
-0.006849
-0.006874
-0.006874
-0.006874
-0.006923
-0.006923
-0.006923
-0.006923
-0.006947
-0.006947
-0.006972
-0.006972
-0.006997
-0.007021
-0.007021
-0.007021
-0.007070
-0.007070
-0.007070
-0.007095
-0.007095
-0.007120
-0.007120
-0.007120
-0.007144
-0.007169
-0.007169
-0.007194
-0.007194
-0.007218
-0.007218
-0.007243
-0.007243
-0.007267
-0.007267
-0.007292
-0.007292
-0.007317
-0.007317
-0.007341
-0.007341
-0.007341
-0.007366
-0.007390
-0.007390
-0.007415
-0.007415
-0.007464
-0.007464
-0.007464
-0.007464
-0.007464
-0.007489
-0.007513
-0.007513
-0.007538
-0.007513
-0.007538
-0.007563
-0.007563
-0.007612
-0.007612
-0.007612
-0.007636
-0.007636
-0.007636
-0.007661
-0.007686
-0.007686
-0.007710
-0.007710
-0.007710
-0.007735
-0.007735
-0.007735
-0.007760
-0.007784
-0.007808
-0.007808
-0.007808
-0.007858
-0.007858
-0.007858
-0.007858
-0.007883
-0.007883
-0.007907
-0.007932
-0.007932
-0.007932
-0.007932
-0.007956
-0.007981
-0.008006
-0.008006
-0.008006
-0.008030
-0.008054
-0.008054
-0.008079
-0.008079
-0.008104
-0.008104
-0.008104
-0.008129
-0.008153
-0.008129
-0.008178
-0.008178
-0.008202
-0.008202
-0.008252
-0.008252
-0.008252
-0.008252
-0.008252
-0.008276
-0.008301
-0.008301
-0.008301
-0.008326
-0.008326
-0.008350
-0.008350
-0.008350
-0.008399
-0.008399
-0.008424
-0.008448
-0.008424
-0.008448
-0.008448
-0.008473
-0.008498
-0.008498
-0.008498
-0.008522
-0.008546
-0.008522
-0.008546
-0.008546
-0.008596
-0.008596
-0.008645
-0.008645
-0.008645
-0.008645
-0.008645
-0.008695
-0.008695
-0.008695
-0.008719
-0.008719
-0.008719
-0.008744
-0.008744
-0.008793
-0.008768
-0.008793
-0.008793
-0.008818
-0.008842
-0.008842
-0.008842
-0.008891
-0.008891
-0.008891
-0.008891
-0.008916
-0.008916
-0.008936
-0.008936
-0.008952
-0.008968
-0.008968
-0.008968
-0.009001
-0.009001
-0.009001
-0.009017
-0.009017
-0.009033
-0.009033
-0.009049
-0.009049
-0.009065
-0.009065
-0.009065
-0.009081
-0.009097
-0.009097
-0.009113
-0.009113
-0.009129
-0.009129
-0.009146
-0.009146
-0.009146
-0.009162
-0.009162
-0.009177
-0.009177
-0.009194
-0.009194
-0.009210
-0.009226
-0.009226
-0.009258
-0.009258
-0.009258
-0.009258
-0.009274
-0.009274
-0.009274
-0.009290
-0.009290
-0.009290
-0.009323
-0.009323
-0.009323
-0.009339
-0.009355
-0.009355
-0.009371
-0.009355
-0.009387
-0.009387
-0.009387
-0.009403
-0.009419
-0.009419
-0.009419
-0.009435
-0.009452
-0.009452
-0.009452
-0.009484
-0.009484
-0.009484
-0.009484
-0.009516
-0.009516
-0.009516
-0.009516
-0.009532
-0.009532
-0.009564
-0.009548
-0.009564
-0.009580
-0.009564
-0.009580
-0.009580
-0.009596
-0.009613
-0.009613
-0.009629
-0.009629
-0.009645
-0.009645
-0.009661
-0.009661
-0.009677
-0.009677
-0.009693
-0.009693
-0.009693
-0.009710
-0.009728
-0.009728
-0.009745
-0.009781
-0.009781
-0.009781
-0.009781
-0.009781
-0.009799
-0.009817
-0.009817
-0.009835
-0.009835
-0.009835
-0.009787
-0.009787
-0.009682
-0.009576
-0.009682
-0.009576
-0.009470
-0.009365
-0.009365
-0.009365
-0.009154
-0.009154
-0.009154
-0.009154
-0.009048
-0.009048
-0.008943
-0.008837
-0.008837
-0.008732
-0.008732
-0.008732
-0.008521
-0.008521
-0.008521
-0.008521
-0.008415
-0.008415
-0.008310
-0.008204
-0.008204
-0.008204
-0.008098
-0.008098
-0.007887
-0.007887
-0.007887
-0.007887
-0.007676
-0.007782
-0.007676
-0.007676
-0.007465
-0.007465
-0.007465
-0.007465
-0.007359
-0.007359
-0.007254
-0.007148
-0.007148
-0.007043
-0.007043
-0.006832
-0.006832
-0.006832
-0.006832
-0.006726
-0.006726
-0.006726
-0.006620
-0.006620
-0.006515
-0.006515
-0.006409
-0.006409
-0.006304
-0.006198
-0.006198
-0.006093
-0.006093
-0.005987
-0.005987
-0.005881
-0.005987
-0.005776
-0.005776
-0.005776
-0.005670
-0.005670
-0.005565
-0.005565
-0.005459
-0.005354
-0.005354
-0.005143
-0.005143
-0.005143
-0.005143
-0.005143
-0.005037
-0.004931
-0.004931
-0.004931
-0.004826
-0.004826
-0.004720
-0.004720
-0.004720
-0.004509
-0.004509
-0.004509
-0.004404
-0.004404
-0.004298
-0.004298
-0.004193
-0.004087
-0.004087
-0.004087
-0.003982
-0.003982
-0.003982
-0.003876
-0.003770
-0.003665
-0.003665
-0.003665
-0.003454
-0.003454
-0.003454
-0.003454
-0.003348
-0.003242
-0.003242
-0.003242
-0.003137
-0.003137
-0.003031
-0.003031
-0.002821
-0.002821
-0.002821
-0.002821
-0.002715
-0.002715
-0.002609
-0.002609
-0.002504
-0.002398
-0.002398
-0.002398
-0.002293
-0.002187
-0.002187
-0.002081
-0.002081
-0.001976
-0.001976
-0.001765
-0.001765
-0.001765
-0.001765
-0.001765
-0.001659
-0.001554
-0.001554
-0.001554
-0.001448
-0.001448
-0.001343
-0.001343
-0.001132
-0.001237
-0.001132
-0.001026
-0.001132
-0.001026
-0.000920
-0.000920
-0.000815
-0.000709
-0.000709
-0.000709
-0.000604
-0.000604
-0.000498
-0.000498
-0.000393
-0.000287
-0.000287
-0.000076
-0.000076
-0.000076
-0.000076
-0.000076
0.000029
0.000135
0.000135
0.000135
0.000241
0.000241
0.000346
0.000346
0.000452
0.000557
0.000557
0.000663
0.000663
0.000768
0.000768
0.000768
0.000874
0.000980
0.000980
0.000980
0.001085
0.001085
0.001085
0.001296
0.001402
0.001402
0.001402
0.001613
0.001613
0.001613
0.001613
0.001719
0.001719
0.001824
0.001824
0.001930
0.001824
0.001930
0.002035
0.002035
0.002035
0.002141
0.002246
0.002246
0.002352
0.002352
0.002457
0.002563
0.002563
0.002668
0.002668
0.002668
0.002774
0.002774
0.002774
0.002880
0.002985
0.003079
0.003079
0.003249
0.003249
0.003249
0.003249
0.003333
0.003333
0.003418
0.003418
0.003418
0.003503
0.003503
0.003588
0.003588
0.003672
0.003672
0.003757
0.003757
0.003842
0.003926
0.003926
0.003926
0.004011
0.004096
0.004096
0.004096
0.004181
0.004181
0.004266
0.004350
0.004350
0.004435
0.004435
0.004435
0.004604
0.004604
0.004689
0.004689
0.004604
0.004770
0.004770
0.004770
0.004770
0.004855
0.004940
0.004940
0.005025
0.005109
0.005109
0.005194
0.005109
0.005194
0.005279
0.005279
0.005364
0.005449
0.005449
0.005533
0.005449
0.005533
0.005618
0.005618
0.005703
0.005618
0.005787
0.005787
0.005957
0.005957
0.005957
0.005957
0.006042
0.006042
0.006126
0.006126
0.006211
0.006296
0.006296
0.006296
0.006380
0.006465
0.006465
0.006465
0.006465
0.006635
0.006635
0.006635
0.006720
0.006805
0.006805
0.006805
0.006889
0.006889
0.006974
0.006974
0.007058
0.007058
0.007143
0.007143
0.007313
0.007313
0.007313
0.007313
0.007397
0.007482
0.007482
0.007567
0.007567
0.007567
0.007652
0.007567
0.007737
0.007821
0.007737
0.007821
0.007906
0.007991
0.007991
0.007991
0.008076
0.008076
0.008160
0.008160
0.008245
0.008245
0.008330
0.008330
0.008414
0.008414
0.008499
0.008668
0.008668
0.008668
0.008668
0.008668
0.008838
0.008753
0.008838
0.008838
0.008838
0.008923
0.009007
0.009007
0.009092
0.009177
0.009177
0.009177
0.009262
0.009347
0.009347
0.009347
0.009431
0.009516
0.009516
0.009516
0.009601
0.009601
0.009685
0.009685
0.009770
0.009770
0.009855
0.009855
0.010024
0.010024
0.010024
0.010024
0.010109
0.010109
0.010194
0.010279
0.010279
0.010279
0.010363
0.010363
0.010448
0.010533
0.010533
0.010617
0.010533
0.010617
0.010702
0.010787
0.010787
0.010872
0.010872
0.010872
0.010872
0.011042
0.011042
0.011042
0.011126
0.011126
0.011211
0.011211
0.011380
0.011380
0.011380
0.011465
0.011465
0.011550
0.011550
0.011550
0.011635
0.011635
0.011719
0.011719
0.011804
0.011889
0.011889
0.011889
0.011974
0.011974
0.012058
0.012058
0.012143
0.012228
0.012228
0.012228
0.012228
0.012312
0.012397
0.012312
0.012482
0.012567
0.012567
0.012567
0.012736
0.012736
0.012736
0.012736
0.012821
0.012821
0.012906
0.012906
0.012991
0.012991
0.013075
0.013160
0.013075
0.013266
0.013266
0.013266
0.013266
0.013483
0.013375
0.013483
0.013700
0.013592
0.013700
0.013700
0.013700
0.013808
0.013808
0.013917
0.014026
0.014134
0.014134
0.014134
0.014351
0.014351
0.014351
0.014351
0.014351
0.014459
0.014460
0.014334
0.014460
0.014334
0.014334
0.014208
0.014208
0.013957
0.013957
0.013957
0.013957
0.013831
0.013705
0.013705
0.013705
0.013579
0.013453
0.013328
0.013328
0.013202
0.013202
0.013202
0.013076
0.012950
0.012950
0.012950
0.012699
0.012699
0.012699
0.012699
0.012572
0.012572
0.012447
0.012447
0.012321
0.012321
0.012321
0.012070
0.012070
0.011943
0.012070
0.011943
0.011818
0.011692
0.011692
0.011692
0.011566
0.011441
0.011441
0.011441
0.011315
0.011315
0.011189
0.011189
0.011064
0.011064
0.010937
0.010937
0.010686
0.010686
0.010686
0.010686
0.010686
0.010434
0.010560
0.010434
0.010309
0.010309
0.010182
0.010182
0.010057
0.009931
0.009931
0.009931
0.009805
0.009805
0.009679
0.009679
0.009553
0.009427
0.009427
0.009427
0.009302
0.009302
0.009302
0.009176
0.009051
0.009051
0.008924
0.008673
0.008673
0.008673
0.008673
0.008673
0.008547
0.008421
0.008421
0.008421
0.008421
0.008296
0.008169
0.008169
0.008044
0.007918
0.007918
0.007918
0.007792
0.007918
0.007666
0.007666
0.007540
0.007666
0.007415
0.007415
0.007289
0.007289
0.007163
0.007163
0.007163
0.007037
0.006911
0.006911
0.007037
0.006630
0.006630
0.006630
0.006472
0.006472
0.006314
0.006314
0.006314
0.006156
0.005998
0.005998
0.005998
0.005681
0.005681
0.005523
0.005681
0.005523
0.005365
0.005365
0.005365
0.005207
0.005049
0.005049
0.004890
0.004890
0.004890
0.004732
0.004732
0.004574
0.004415
0.004415
0.004099
0.004099
0.004099
0.004099
0.003941
0.003783
0.003941
0.003783
0.003783
0.003625
0.003625
0.003467
0.003308
0.003308
0.003150
0.003150
0.002992
0.002992
0.002834
0.002834
0.002676
0.002676
0.002517
0.002517
0.002359
0.002359
0.002201
0.002043
0.002201
0.002043
0.002043
0.001885
0.001568
0.001568
0.001568
0.001568
0.001410
0.001410
0.001252
0.001252
0.001252
0.001094
0.000935
0.000935
0.000777
0.000777
0.000619
0.000619
0.000619
0.000461
0.000302
0.000302
0.000302
0.000144
-0.000014
-0.000014
-0.000172
-0.000172
-0.000172
-0.000488
-0.000330
-0.000646
-0.000646
-0.000646
-0.000646
-0.000963
-0.000963
-0.000963
-0.001121
-0.001279
-0.001279
-0.001279
-0.001437
-0.001437
-0.001595
-0.001595
-0.001595
-0.001754
-0.001912
-0.001912
-0.001912
-0.002071
-0.002229
-0.002229
-0.002387
-0.002545
-0.002545
-0.002545
-0.002545
-0.002703
-0.002703
-0.002862
-0.002862
-0.003178
-0.003178
-0.003178
-0.003494
-0.003494
-0.003494
-0.003494
-0.003494
-0.003652
-0.003810
-0.003810
-0.003969
-0.003969
-0.003969
-0.004127
-0.004285
-0.004443
-0.004443
-0.004602
-0.004602
-0.004602
-0.004760
-0.004760
-0.004850
-0.004850
-0.004850
-0.004932
-0.004932
-0.005015
-0.005015
-0.005113
-0.005211
-0.005211
-0.005309
-0.005309
-0.005506
-0.005506
-0.005506
-0.005506
-0.005506
-0.005702
-0.005702
-0.005702
-0.005702
-0.005800
-0.005898
-0.005898
-0.005996
-0.006094
-0.006094
-0.006094
-0.006192
-0.006192
-0.006290
-0.006290
-0.006290
-0.006486
-0.006486
-0.006486
-0.006584
-0.006584
-0.006584
-0.006682
-0.006780
-0.006878
-0.006878
-0.007074
-0.007074
-0.007074
-0.007074
-0.007172
-0.007172
-0.007270
-0.007270
-0.007270
-0.007368
-0.007368
-0.007466
-0.007466
-0.007466
-0.007564
-0.007663
-0.007663
-0.007761
-0.007761
-0.007859
-0.007859
-0.007957
-0.008055
-0.008055
-0.008055
-0.008138
-0.008210
-0.008138
-0.008210
-0.008210
-0.008356
-0.008356
-0.008356
-0.008501
-0.008501
-0.008501
-0.008501
-0.008573
-0.008573
-0.008487
-0.008487
-0.008072
-0.008072
-0.007656
-0.007656
-0.007240
-0.007240
-0.006824
-0.006824
-0.006407
-0.006407
-0.005991
-0.005991
-0.005991
-0.005576
-0.005159
-0.005159
-0.004744
-0.005159
-0.004744
-0.004744
-0.003911
-0.003495
-0.003495
-0.003495
-0.003495
-0.002663
-0.002663
-0.002663
-0.002247
-0.001831
-0.001831
-0.001831
-0.001414
-0.001414
-0.000998
-0.000998
-0.000583
-0.000171
-0.000171
-0.000171
0.000241
0.000241
0.000653
0.000653
0.000653
0.001065
0.001477
0.001477
0.001477
0.001889
0.001889
0.002301
0.002301
0.002713
0.003125
0.003125
0.003260
0.003260
0.003260
0.003260
0.003072
0.003072
0.003072
0.002979
0.002979
0.002979
0.002979
0.002885
0.002792
0.002792
0.002699
0.002699
0.002605
0.002605
0.002605
0.002512
0.002512
0.002418
0.002325
0.002325
0.002231
0.002231
0.002231
0.002138
0.002138
0.001951
0.001951
0.001951
0.001764
0.001764
0.001764
0.001764
0.001670
0.001577
0.001577
0.001577
0.001484
0.001484
0.001484
0.001390
0.001297
0.001297
0.001203
0.001203
0.001110
0.001110
0.001016
0.001016
0.001016
0.000829
0.000829
0.000829
0.000736
0.000736
0.000642
0.000549
0.000549
0.000549
0.000455
0.000268
0.000268
0.000268
0.000268
0.000268
0.000268
0.000081
0.000081
0.000081
-0.000012
-0.000012
-0.000106
-0.000106
-0.000199
-0.000292
-0.000292
-0.000292
-0.000386
-0.000386
-0.000386
-0.000479
-0.000479
-0.000573
-0.000666
-0.000666
-0.000666
-0.000760
-0.000853
-0.000853
-0.000947
-0.001040
-0.001040
-0.001040
-0.001227
-0.001227
-0.001227
-0.001321
-0.001227
-0.001321
-0.001414
-0.001414
-0.001508
-0.001508
-0.001601
-0.001601
-0.001694
-0.001694
-0.001788
-0.001788
-0.001882
-0.001975
-0.001882
-0.001975
-0.002068
-0.002068
-0.002162
-0.002162
-0.002162
-0.002255
-0.002349
-0.002442
-0.002442
-0.002442
-0.002536
-0.002536
-0.002723
-0.002723
-0.002723
-0.002723
-0.002723
-0.002816
-0.002910
-0.002910
-0.003003
-0.003003
-0.003003
-0.003097
-0.003190
-0.003284
-0.003284
-0.003377
-0.003377
-0.003471
-0.003471
-0.003471
-0.003564
-0.003657
-0.003657
-0.003657
-0.003751
-0.003751
-0.003751
-0.003839
-0.003915
-0.003915
-0.003990
-0.004142
-0.004142
-0.004142
-0.004142
-0.004142
-0.004218
-0.004294
-0.004294
-0.004370
-0.004370
-0.004370
-0.004446
-0.004446
-0.004522
-0.004597
-0.004597
-0.004597
-0.004673
-0.004749
-0.004749
-0.004749
-0.004749
-0.004901
-0.004901
-0.004901
-0.004901
-0.004977
-0.005053
-0.005053
-0.005129
-0.005204
-0.005204
-0.005356
-0.005356
-0.005356
-0.005356
-0.005356
-0.005356
-0.005508
-0.005508
-0.005508
-0.005584
-0.005584
-0.005584
-0.005660
-0.005735
-0.005735
-0.005811
-0.005887
-0.005811
-0.005887
-0.005963
-0.005963
-0.005963
-0.006115
-0.006115
-0.006115
-0.006191
-0.006191
-0.006267
-0.006343
-0.006418
-0.006343
-0.006418
-0.006418
-0.006514
-0.006514
-0.006514
-0.006514
-0.006514
-0.006510
-0.006510
-0.006510
-0.006508
-0.006508
-0.006507
-0.006507
-0.006507
-0.006505
-0.006503
-0.006503
-0.006502
-0.006500
-0.006500
-0.006500
-0.006500
-0.006496
-0.006498
-0.006496
-0.006495
-0.006495
-0.006493
-0.006493
-0.006491
-0.006490
-0.006490
-0.006490
-0.006486
-0.006486
-0.006486
-0.006486
-0.006483
-0.006484
-0.006483
-0.006483
-0.006483
-0.006481
-0.006481
-0.006479
-0.006479
-0.006478
-0.006476
-0.006476
-0.006476
-0.006474
-0.006474
-0.006473
-0.006471
-0.006471
-0.006469
-0.006467
-0.006469
-0.006467
-0.006466
-0.006466
-0.006464
-0.006462
-0.006462
-0.006459
-0.006460
-0.006459
-0.006459
-0.006459
-0.006457
-0.006457
-0.006457
-0.006456
-0.006454
-0.006454
-0.006452
-0.006452
-0.006452
-0.006450
-0.006449
-0.006449
-0.006447
-0.006447
-0.006445
-0.006445
-0.006443
-0.006442
-0.006442
-0.006442
-0.006440
-0.006440
-0.006440
-0.006438
-0.006437
-0.006435
-0.006435
-0.006435
-0.006431
-0.006431
-0.006431
-0.006431
-0.006431
-0.006430
-0.006428
-0.006428
-0.006427
-0.006427
-0.006427
-0.006425
-0.006425
-0.006421
-0.006421
-0.006421
-0.006420
-0.006420
-0.006418
-0.006418
-0.006418
-0.006416
-0.006415
-0.006415
-0.006415
-0.006413
-0.006413
-0.006411
-0.006411
-0.006409
-0.006408
-0.006408
-0.006408
-0.006404
-0.006404
-0.006404
-0.006403
-0.006403
-0.006401
-0.006401
-0.006399
-0.006399
-0.006399
-0.006397
-0.006397
-0.006396
