-0.008205
-0.008038
-0.008044
-0.008190
-0.008096
-0.008029
-0.007975
-0.007994
-0.008027
-0.007933
-0.007893
-0.007939
-0.007845
-0.007865
-0.007785
-0.007791
-0.007811
-0.007757
-0.007690
-0.007737
-0.007657
-0.007663
-0.007623
-0.007656
-0.007676
-0.007610
-0.007576
-0.007550
-0.007470
-0.007517
-0.007437
-0.007484
-0.007517
-0.007424
-0.007344
-0.007478
-0.007411
-0.007332
-0.007279
-0.007299
-0.007346
-0.007267
-0.007287
-0.007234
-0.007202
-0.007175
-0.007170
-0.007117
-0.007164
-0.007098
-0.007132
-0.007079
-0.007100
-0.007047
-0.006968
-0.007063
-0.007023
-0.006931
-0.006952
-0.006873
-0.006820
-0.006855
-0.006802
-0.006810
-0.006705
-0.006752
-0.006887
-0.006834
-0.006769
-0.006690
-0.006585
-0.006607
-0.006628
-0.006702
-0.006497
-0.006558
-0.006480
-0.006488
-0.006449
-0.006410
-0.006479
-0.006453
-0.006375
-0.006423
-0.006432
-0.006393
-0.006362
-0.006310
-0.006345
-0.006254
-0.006215
-0.006237
-0.006146
-0.006207
-0.006117
-0.006139
-0.006187
-0.006135
-0.006257
-0.006179
-0.006102
-0.006024
-0.006059
-0.005982
-0.005917
-0.005940
-0.005975
-0.005898
-0.005859
-0.005768
-0.005804
-0.005965
-0.005875
-0.005823
-0.005759
-0.005795
-0.005792
-0.005753
-0.005676
-0.005737
-0.005647
-0.005632
-0.005580
-0.005629
-0.005591
-0.005614
-0.005649
-0.005585
-0.005621
-0.005570
-0.005480
-0.005616
-0.005527
-0.005476
-0.005361
-0.005435
-0.005458
-0.005382
-0.005318
-0.005354
-0.005416
-0.005327
-0.005263
-0.005299
-0.005335
-0.005297
-0.005321
-0.005244
-0.005168
-0.005205
-0.005141
-0.005152
-0.005201
-0.005100
-0.005036
-0.005035
-0.005009
-0.005033
-0.004957
-0.005094
-0.004905
-0.004955
-0.005104
-0.005028
-0.004927
-0.004851
-0.004826
-0.004825
-0.004749
-0.004824
-0.004723
-0.004785
-0.004710
-0.004722
-0.004696
-0.004683
-0.004745
-0.004695
-0.004619
-0.004557
-0.004581
-0.004593
-0.004618
-0.004543
-0.004480
-0.004517
-0.004417
-0.004479
-0.004417
-0.004442
-0.004391
-0.004316
-0.004441
-0.004354
-0.004279
-0.004404
-0.004341
-0.004254
-0.004179
-0.004217
-0.004179
-0.004192
-0.004155
-0.004180
-0.004130
-0.004118
-0.004068
-0.004181
-0.004119
-0.004069
-0.004020
-0.004020
-0.004083
-0.003921
-0.003972
-0.003922
-0.004048
-0.003998
-0.003924
-0.003949
-0.003875
-0.003925
-0.003851
-0.003889
-0.003828
-0.003841
-0.003779
-0.003918
-0.003856
-0.003806
-0.003720
-0.003758
-0.003772
-0.003735
-0.003661
-0.003700
-0.003638
-0.003689
-0.003740
-0.003641
-0.003705
-0.003631
-0.003545
-0.003608
-0.003647
-0.003548
-0.003512
-0.003650
-0.003577
-0.003528
-0.003454
-0.003481
-0.003420
-0.003471
-0.003361
-0.003399
-0.003438
-0.003365
-0.003280
-0.003406
-0.003333
-0.003272
-0.003299
-0.003238
-0.003265
-0.003204
-0.003143
-0.003207
-0.003246
-0.003161
-0.003212
-0.003163
-0.003190
-0.003130
-0.003169
-0.003096
-0.003148
-0.003075
-0.003102
-0.003029
-0.003033
-0.003008
-0.003036
-0.002987
-0.002915
-0.002942
-0.002994
-0.002921
-0.002985
-0.002888
-0.002968
-0.002931
-0.002859
-0.002799
-0.002738
-0.002790
-0.002818
-0.002746
-0.002749
-0.002625
-0.002629
-0.002705
-0.002633
-0.002761
-0.002713
-0.002629
-0.002657
-0.002609
-0.002549
-0.002541
-0.002605
-0.002545
-0.002597
-0.002489
-0.002454
-0.002470
-0.002398
-0.002326
-0.002390
-0.002407
-0.002435
-0.002387
-0.002304
-0.002456
-0.002373
-0.002313
-0.002254
-0.002294
-0.002235
-0.002263
-0.002304
-0.002244
-0.002161
-0.002125
-0.002142
-0.002195
-0.002247
-0.002140
-0.002093
-0.002145
-0.002174
-0.002079
-0.002085
-0.002002
-0.002054
-0.001995
-0.001924
-0.001977
-0.002006
-0.001859
-0.001976
-0.001917
-0.001982
-0.001911
-0.002028
-0.001981
-0.001922
-0.001875
-0.001816
-0.001822
-0.001851
-0.001781
-0.001734
-0.001739
-0.001681
-0.001734
-0.001652
-0.001605
-0.001734
-0.001687
-0.001752
-0.001770
-0.001600
-0.001629
-0.001571
-0.001612
-0.001642
-0.001595
-0.001513
-0.001531
-0.001538
-0.001415
-0.001456
-0.001351
-0.001516
-0.001481
-0.001588
-0.001553
-0.001483
-0.001413
-0.001343
-0.001461
-0.001392
-0.001322
-0.001364
-0.001306
-0.001236
-0.001289
-0.001220
-0.001350
-0.001192
-0.001234
-0.001164
-0.001218
-0.001249
-0.001191
-0.001133
-0.001263
-0.001228
-0.001147
-0.001078
-0.001109
-0.001051
-0.001093
-0.001035
-0.001066
-0.001074
-0.001051
-0.000947
-0.001089
-0.001032
-0.000986
-0.001016
-0.000936
-0.000944
-0.000898
-0.000940
-0.000871
-0.000891
-0.000845
-0.000787
-0.000819
-0.000873
-0.000804
-0.000869
-0.000778
-0.000820
-0.000798
-0.000829
-0.000737
-0.000703
-0.000723
-0.000654
-0.000720
-0.000663
-0.000671
-0.000648
-0.000703
-0.000711
-0.000654
-0.000763
-0.000683
-0.000638
-0.000569
-0.000590
-0.000555
-0.000487
-0.000519
-0.000428
-0.000360
-0.000526
-0.000446
-0.000412
-0.000444
-0.000464
-0.000419
-0.000428
-0.000283
-0.000415
-0.000381
-0.000290
-0.000334
-0.000366
-0.000343
-0.000253
-0.000319
-0.000362
-0.000272
-0.000249
-0.000404
-0.000291
-0.000257
-0.000178
-0.000311
-0.000232
-0.000198
-0.000108
-0.000140
-0.000084
-0.000228
-0.000060
-0.000115
-0.000148
0.000042
-0.000013
0.000043
-0.000001
-0.000011
0.000045
-0.000032
0.000069
0.000013
0.000081
0.000026
0.000115
0.000060
0.000149
0.000094
0.000139
0.000206
0.000162
0.000140
0.000185
0.000140
0.000007
0.000063
0.000130
0.000186
0.000241
0.000175
0.000119
0.000197
0.000142
0.000209
0.000298
0.000231
0.000309
0.000276
0.000209
0.000364
0.000353
0.000320
0.000275
0.000331
0.000397
0.000242
0.000319
0.000374
0.000430
0.000385
0.000452
0.000440
0.000384
0.000439
0.000439
0.000461
0.000549
0.000415
0.000482
0.000526
0.000592
0.000525
0.000613
0.000568
0.000545
0.000622
0.000666
0.000632
0.000665
0.000520
0.000586
0.000630
0.000674
0.000562
0.000695
0.000639
0.000705
0.000581
0.000647
0.000680
0.000768
0.000722
0.000788
0.000743
0.000697
0.000730
0.000696
0.000772
0.000605
0.000692
0.000747
0.000834
0.000767
0.000832
0.000887
0.000831
0.000918
0.000872
0.000916
0.000870
0.000903
0.000879
0.000844
0.000888
0.000842
0.000918
0.000883
0.000949
0.000914
0.001068
0.000944
0.000987
0.001052
0.000974
0.001071
0.001026
0.001080
0.001077
0.001031
0.001042
0.000918
0.000982
0.001037
0.001080
0.001166
0.001131
0.001096
0.001150
0.001225
0.001190
0.001276
0.001197
0.001251
0.001284
0.001170
0.001180
0.001256
0.001242
0.001285
0.001292
0.001357
0.001299
0.001285
0.001328
0.001382
0.001335
0.001421
0.001485
0.001482
0.001414
0.001400
0.001464
0.001549
0.001403
0.001456
0.001542
0.001595
0.001548
0.001512
0.001555
0.001608
0.001562
0.001626
0.001547
0.001632
0.001464
0.001538
0.001602
0.001666
0.001598
0.001672
0.001594
0.001668
0.001642
0.001574
0.001649
0.001712
0.001687
0.001682
0.001703
0.001688
0.001751
0.001683
0.001757
0.001621
0.001674
0.001727
0.001790
0.001822
0.001774
0.001706
0.001791
0.001865
0.001828
0.001881
0.001812
0.001897
0.001728
0.001902
0.001886
0.001839
0.002033
0.001965
0.001918
0.001970
0.001923
0.001886
0.001917
0.002001
0.001975
0.002038
0.001990
0.002011
0.001974
0.001958
0.002010
0.001894
0.001978
0.002041
0.002061
0.002145
0.002108
0.002039
0.002112
0.002175
0.002106
0.002159
0.002142
0.002205
0.002146
0.002109
0.002151
0.002123
0.002176
0.002117
0.002200
0.002242
0.002194
0.002146
0.002208
0.002271
0.002212
0.002275
0.002316
0.002178
0.002141
0.002203
0.002265
0.002127
0.002179
0.002221
0.002293
0.002255
0.002338
0.002269
0.002321
0.002273
0.002424
0.002386
0.002369
0.002441
0.002482
0.002434
0.002396
0.002447
0.002409
0.002461
0.002412
0.002374
0.002446
0.002377
0.002449
0.002490
0.002462
0.002503
0.002575
0.002537
0.002478
0.002419
0.002471
0.002353
0.002383
0.002486
0.002547
0.002499
0.002570
0.002481
0.002552
0.002614
0.002555
0.002626
0.002598
0.002639
0.002580
0.002661
0.002602
0.002663
0.002635
0.002586
0.002617
0.002688
0.002649
0.002590
0.002651
0.002692
0.002632
0.002694
0.002634
0.002595
0.002666
0.002587
0.002658
0.002719
0.002549
0.002631
0.002592
0.002612
0.002783
0.002648
0.002729
0.002759
0.002830
0.002771
0.002711
0.002782
0.002733
0.002693
0.002754
0.002705
0.002845
0.002816
0.002766
0.002797
0.002757
0.002718
0.002758
0.002719
0.002869
0.002830
0.002780
0.002841
0.002791
0.002961
0.002802
0.002852
0.002702
0.002783
0.002803
0.002883
0.002824
0.002864
0.002844
0.002894
0.002824
0.002785
0.002825
0.002885
0.002855
0.002805
0.002855
0.002905
0.002965
0.002806
0.002886
0.002966
0.002926
0.002856
0.002926
0.003006
0.002916
0.003005
0.002945
0.002965
0.002905
0.002965
0.002945
0.002995
0.002864
0.002894
0.002924
0.003024
0.002983
0.002963
0.002983
0.002913
0.002972
0.003012
0.002972
0.003141
0.003021
0.002960
0.003080
0.003060
0.003009
0.002959
0.003018
0.003078
0.003077
0.003077
0.002997
0.003076
0.003015
0.003055
0.003034
0.003093
0.003023
0.003102
0.003061
0.002911
0.002970
0.003009
0.003088
0.003138
0.002987
0.003156
0.003125
0.003154
0.003214
0.003182
0.003122
0.003161
0.003140
0.003060
0.003119
0.003148
0.003127
0.003066
0.003115
0.003174
0.003133
0.003072
0.003131
0.003180
0.003129
0.003197
0.003166
0.003244
0.003184
0.003232
0.003191
0.003250
0.003109
0.003148
0.003206
0.003275
0.003214
0.003253
0.003202
0.003170
0.003219
0.003258
0.003206
0.003255
0.003233
0.003182
0.003221
0.003179
0.003337
0.003286
0.003225
0.003174
0.003232
0.003181
0.003229
0.003287
0.003336
0.003204
0.003262
0.003340
0.003279
0.003317
0.003295
0.003314
0.003192
0.003250
0.003279
0.003247
0.003305
0.003234
0.003292
0.003359
0.003298
0.003356
0.003314
0.003333
0.003291
0.003268
0.003307
0.003403
0.003342
0.003390
0.003377
0.003415
0.003364
0.003331
0.003408
0.003485
0.003523
0.003481
0.003439
0.003615
0.003492
0.003440
0.003498
0.003546
0.003375
0.003413
0.003480
0.003528
0.003476
0.003514
0.003452
0.003519
0.003458
0.003506
0.003463
0.003411
0.003559
0.003387
0.003454
0.003540
0.003597
0.003436
0.003593
0.003560
0.003417
0.003584
0.003588
0.003607
0.003645
0.003622
0.003650
0.003588
0.003574
0.003531
0.003569
0.003626
0.003530
0.003492
0.003521
0.003597
0.003635
0.003573
0.003549
0.003458
0.003625
0.003581
0.003619
0.003586
0.003652
0.003509
0.003585
0.003613
0.003660
0.003598
0.003564
0.003630
0.003687
0.003615
0.003582
0.003538
0.003604
0.003542
0.003599
0.003646
0.003583
0.003540
0.003596
0.003644
0.003491
0.003538
0.003594
0.003660
0.003607
0.003654
0.003592
0.003648
0.003595
0.003642
0.003698
0.003545
0.003592
0.003539
0.003705
0.003670
0.003599
0.003592
0.003611
0.003648
0.003605
0.003570
0.003598
0.003654
0.003610
0.003657
0.003623
0.003669
0.003635
0.003672
0.003610
0.003675
0.003494
0.003559
0.003596
0.003652
0.003689
0.003545
0.003701
0.003648
0.003594
0.003613
0.003587
0.003643
0.003580
0.003536
0.003592
0.003648
0.003585
0.003604
0.003559
0.003634
0.003580
0.003499
0.003545
0.003582
0.003538
0.003575
0.003630
0.003577
0.003523
0.003579
0.003506
0.003371
0.003427
0.003445
0.003519
0.003575
0.003503
0.003458
0.003523
0.003569
0.003606
0.003570
0.003526
0.003563
0.003518
0.003473
0.003519
0.003566
0.003493
0.003658
0.003513
0.003531
0.003487
0.003660
0.003506
0.003580
0.003526
0.003581
0.003554
0.003609
0.003646
0.003601
0.003547
0.003602
0.003748
0.003503
0.003540
0.003613
0.003550
0.003595
0.003541
0.003578
0.003633
0.003533
0.003506
0.003543
0.003588
0.003434
0.003498
0.003435
0.003598
0.003553
0.003526
0.003563
0.003590
0.003572
0.003490
0.003563
0.003491
0.003545
0.003600
0.003573
0.003618
0.003555
0.003528
0.003582
0.003455
0.003482
0.003537
0.003600
0.003537
0.003491
0.003646
0.003618
0.003691
0.003627
0.003681
0.003636
0.003554
0.003608
0.003581
0.003653
0.003589
0.003625
0.003580
0.003670
0.003579
0.003624
0.003569
0.003642
0.003587
0.003659
0.003595
0.003549
0.003703
0.003621
0.003694
0.003648
0.003466
0.003520
0.003592
0.003610
0.003546
0.003636
0.003554
0.003626
0.003662
0.003607
0.003542
0.003623
0.003550
0.003595
0.003540
0.003585
0.003639
0.003575
0.003528
0.003564
0.003627
0.003581
0.003526
0.003597
0.003524
0.003587
0.003640
0.003494
0.003639
0.003501
0.003546
0.003626
0.003662
0.003498
0.003569
0.003596
0.003523
0.003476
0.003521
0.003583
0.003510
0.003555
0.003544
0.003597
0.003633
0.003586
0.003539
0.003593
0.003646
0.003600
0.003553
0.003624
0.003542
0.003495
0.003566
0.003619
0.003655
0.003626
0.003670
0.003650
0.003676
0.003538
0.003592
0.003662
0.003533
0.003551
0.003613
0.003630
0.003701
0.003645
0.003616
0.003643
0.003587
0.003657
0.003675
0.003646
0.003625
0.003587
0.003640
0.003592
0.003628
0.003680
0.003642
0.003695
0.003657
0.003692
0.003762
0.003715
0.003750
0.003703
0.003729
0.003699
0.003643
0.003696
0.003622
0.003684
0.003536
0.003580
0.003624
0.003676
0.003764
0.003590
0.003643
0.003704
0.003757
0.003692
0.003644
0.003697
0.003640
0.003601
0.003636
0.003680
0.003641
0.003685
0.003620
0.003681
0.003742
0.003603
0.003603
0.003655
0.003590
0.003642
0.003695
0.003629
0.003547
0.003499
0.003551
0.003438
0.003473
0.003525
0.003577
0.003512
0.003556
0.003516
0.003542
0.003594
0.003538
0.003607
0.003542
0.003594
0.003629
0.003572
0.003533
0.003576
0.003554
0.003580
0.003523
0.003592
0.003518
0.003462
0.003531
0.003557
0.003526
0.003486
0.003621
0.003555
0.003607
0.003459
0.003468
0.003562
0.003397
0.003449
0.003500
0.003552
0.003521
0.003538
0.003507
0.003559
0.003485
0.003553
0.003514
0.003531
0.003482
0.003534
0.003468
0.003520
0.003471
0.003497
0.003457
0.003509
0.003560
0.003494
0.003446
0.003497
0.003440
0.003583
0.003534
0.003569
0.003428
0.003371
0.003431
0.003474
0.003508
0.003376
0.003411
0.003453
0.003405
0.003356
0.003399
0.003467
0.003401
0.003435
0.003403
0.003412
0.003354
0.003289
0.003340
0.003391
0.003333
0.003376
0.003327
0.003370
0.003412
0.003329
0.003280
0.003348
0.003374
0.003333
0.003384
0.003335
0.003369
0.003320
0.003271
0.003330
0.003190
0.003224
0.003292
0.003317
0.003142
0.003185
0.003252
0.003212
0.003263
0.003288
0.003356
0.003323
0.003266
0.003291
0.003242
0.003284
0.003268
0.003294
0.003336
0.003270
0.003320
0.003271
0.003238
0.003255
0.003206
0.003273
0.003324
0.003257
0.003325
0.003158
0.003192
0.003259
0.003110
0.003160
0.003194
0.003244
0.003170
0.003112
0.003145
0.003196
0.003146
0.003213
0.003280
0.003197
0.003147
0.003214
0.003148
0.003206
0.003148
0.003173
0.003115
0.003182
0.003207
0.003091
0.003125
0.003166
0.003108
0.003167
0.003117
0.003084
0.003100
0.003134
0.003067
0.002934
0.002967
0.003001
0.003051
0.003101
0.003134
0.002984
0.003026
0.003076
0.003017
0.003084
0.003017
0.003075
0.003034
0.002983
0.003033
0.003058
0.002991
0.003033
0.003066
0.002999
0.003074
0.002999
0.002932
0.002982
0.003032
0.003015
0.002931
0.002964
0.002906
0.002872
0.002897
0.002938
0.002805
0.002863
0.002912
0.002837
0.002995
0.002944
0.002869
0.002894
0.002827
0.002893
0.002843
0.002909
0.002825
0.002875
0.002841
0.002890
0.002831
0.002789
0.002922
0.002855
0.002821
0.002862
0.002803
0.002861
0.002918
0.002868
0.002817
0.002758
0.002799
0.002849
0.002781
0.002839
0.002680
0.002721
0.002770
0.002828
0.002893
0.002826
0.002792
0.002824
0.002774
0.002806
0.002855
0.002805
0.002762
0.002719
0.002744
0.002717
0.002734
0.002674
0.002748
0.002773
0.002730
0.002679
0.002711
0.002760
0.002709
0.002758
0.002791
0.002748
0.002689
0.002729
0.002670
0.002535
0.002560
0.002600
0.002625
0.002649
0.002631
0.002547
0.002587
0.002520
0.002577
0.002626
0.002607
0.002623
0.002580
0.002521
0.002537
0.002602
0.002510
0.002450
0.002499
0.002540
0.002580
0.002429
0.002469
0.002526
0.002591
0.002539
0.002488
0.002520
0.002469
0.002417
0.002450
0.002314
0.002322
0.002355
0.002427
0.002460
0.002468
0.002308
0.002373
0.002421
0.002369
0.002434
0.002466
0.002415
0.002363
0.002403
0.002343
0.002292
0.002432
0.002388
0.002337
0.002361
0.002417
0.002265
0.002330
0.002378
0.002318
0.002358
0.002322
0.002287
0.002211
0.002367
0.002315
0.002363
0.002227
0.002267
0.002307
0.002331
0.002371
0.002219
0.002251
0.002299
0.002255
0.002295
0.002227
0.002275
0.002315
0.002271
0.002219
0.002291
0.002239
0.002187
0.002243
0.002306
0.002346
0.002162
0.002318
0.002266
0.002230
0.002253
0.002193
0.002257
0.002221
0.002160
0.002168
0.002248
0.002104
0.002135
0.002191
0.002199
0.002055
0.002202
0.002126
0.002189
0.002245
0.002177
0.002208
0.002156
0.002204
0.002119
0.002083
0.002138
0.002170
0.002125
0.002165
0.002136
0.002052
0.002115
0.002063
0.002010
0.002158
0.002105
0.002060
0.002084
0.002031
0.001971
0.001987
0.001866
0.001966
0.001937
0.001968
0.002023
0.001978
0.002010
0.002034
0.001981
0.001920
0.001952
0.001899
0.001946
0.001978
0.001925
0.001888
0.001927
0.001898
0.001921
0.001876
0.001939
0.001878
0.001849
0.001927
0.001943
0.001898
0.001937
0.002000
0.001923
0.001878
0.001802
0.001872
0.001911
0.001750
0.001797
0.001829
0.001876
0.001922
0.001862
0.001816
0.001863
0.001787
0.001841
0.001872
0.001811
0.001866
0.001705
0.001736
0.001791
0.001738
0.001800
0.001731
0.001786
0.001825
0.001763
0.001710
0.001749
0.001780
0.001727
0.001774
0.001697
0.001751
0.001698
0.001629
0.001683
0.001722
0.001569
0.001608
0.001670
0.001624
0.001671
0.001617
0.001648
0.001610
0.001641
0.001680
0.001634
0.001673
0.001604
0.001573
0.001612
0.001666
0.001613
0.001643
0.001590
0.001644
0.001513
0.001537
0.001583
0.001598
0.001560
0.001583
0.001560
0.001607
0.001445
0.001584
0.001530
0.001568
0.001430
0.001484
0.001530
0.001453
0.001607
0.001453
0.001499
0.001530
0.001592
0.001430
0.001453
0.001499
0.001453
0.001391
0.001430
0.001499
0.001445
0.001468
0.001406
0.001468
0.001490
0.001444
0.001390
0.001451
0.001413
0.001459
0.001397
0.001435
0.001289
0.001319
0.001357
0.001203
0.001241
0.001295
0.001333
0.001402
0.001317
0.001278
0.001324
0.001339
0.001200
0.001346
0.001292
0.001222
0.001168
0.001221
0.001290
0.001320
0.001273
0.001357
0.001288
0.001333
0.001256
0.001209
0.001255
0.001300
0.001238
0.001276
0.001222
0.001152
0.001213
0.001151
0.001181
0.001019
0.001065
0.001103
0.001156
0.001186
0.001124
0.001077
0.001122
0.001183
0.001105
0.001158
0.001104
0.001142
0.001110
0.001140
0.001078
0.001146
0.001061
0.001106
0.001066
0.001019
0.001049
0.001102
0.001047
0.001070
0.001038
0.001083
0.001143
0.001089
0.001149
0.001079
0.001024
0.000869
0.000914
0.000952
0.000989
0.000912
0.000965
0.001010
0.000932
0.000985
0.000930
0.000975
0.001012
0.000965
0.001032
0.000870
0.000915
0.000945
0.000990
0.000935
0.000865
0.000910
0.000755
0.000885
0.000844
0.000782
0.000812
0.000864
0.000794
0.000831
0.000884
0.000714
0.000758
0.000788
0.000633
0.000670
0.000708
0.000752
0.000690
0.000642
0.000702
0.000746
0.000691
0.000728
0.000766
0.000818
0.000685
0.000629
0.000666
0.000726
0.000671
0.000723
0.000645
0.000697
0.000642
0.000564
0.000616
0.000660
0.000605
0.000642
0.000579
0.000587
0.000624
0.000553
0.000260
0.002562
-0.003175
0.000275
0.000249
0.000223
0.000223
0.000223
0.000371
0.000271
0.000171
0.000345
0.000219
0.000245
0.000193
0.000193
0.000267
0.000167
0.000315
0.000215
0.000289
0.000189
0.000162
0.000236
0.000236
0.000210
0.000284
0.000084
0.000157
0.000157
0.000057
-0.000069
0.000105
0.000005
0.000078
0.000152
0.000052
0.000125
0.000025
0.000099
0.000099
0.000072
0.000072
0.000046
0.000119
-0.000008
-0.000008
-0.000008
0.000139
0.000039
0.000112
0.000086
-0.000014
0.000059
-0.000041
0.000032
0.000105
0.000005
-0.000022
-0.000022
-0.000022
-0.000149
-0.000075
-0.000075
-0.000002
-0.000129
-0.000129
-0.000129
-0.000156
-0.000156
-0.000183
-0.000183
-0.000210
-0.000138
-0.000138
-0.000165
-0.000192
-0.000192
-0.000292
-0.000146
-0.000246
-0.000174
-0.000174
-0.000201
-0.000201
-0.000228
-0.000255
-0.000255
-0.000183
-0.000210
-0.000210
-0.000238
-0.000265
-0.000193
-0.000365
-0.000493
-0.000420
-0.000420
-0.000348
-0.000275
-0.000375
-0.000303
-0.000403
-0.000330
-0.000358
-0.000358
-0.000386
-0.000386
-0.000413
-0.000413
-0.000441
-0.000369
-0.000369
-0.000497
-0.000424
-0.000424
-0.000424
-0.000452
-0.000552
-0.000408
-0.000508
-0.000508
-0.000436
-0.000464
-0.000464
-0.000492
-0.000520
-0.000520
-0.000720
-0.000648
-0.000576
-0.000504
-0.000504
-0.000632
-0.000561
-0.000561
-0.000661
-0.000589
-0.000689
-0.000717
-0.000645
-0.000745
-0.000674
-0.000602
-0.000702
-0.000630
-0.000730
-0.000659
-0.000587
-0.000715
-0.000715
-0.000644
-0.000672
-0.000672
-0.000772
-0.000772
-0.000729
-0.000829
-0.000758
-0.000758
-0.000887
-0.000887
-0.000815
-0.000744
-0.000844
-0.000873
-0.000801
-0.000730
-0.000730
-0.000759
-0.000688
-0.000688
-0.000888
-0.000816
-0.000845
-0.000845
-0.000774
-0.000803
-0.000832
-0.000832
-0.000861
-0.000861
-0.000890
-0.000890
-0.000919
-0.000848
-0.000848
-0.000877
-0.000977
-0.000906
-0.000935
-0.001135
-0.001064
-0.001064
-0.000994
-0.000923
-0.000923
-0.001052
-0.001052
-0.000911
-0.000981
-0.001011
-0.000940
-0.000969
-0.000899
-0.000999
-0.000928
-0.001028
-0.001057
-0.001157
-0.001087
-0.001087
-0.001016
-0.001216
-0.001146
-0.001075
-0.001105
-0.001105
-0.001205
-0.001064
-0.001164
-0.001194
-0.001194
-0.001124
-0.001253
-0.001253
-0.001253
-0.001183
-0.001213
-0.001143
-0.001172
-0.001172
-0.001202
-0.001132
-0.001162
-0.001162
-0.001262
-0.001192
-0.001222
-0.001222
-0.001152
-0.001252
-0.001352
-0.001282
-0.001212
-0.001242
-0.001412
-0.001272
-0.001372
-0.001232
-0.001162
-0.001262
-0.001193
-0.001293
-0.001393
-0.001253
-0.001453
-0.001383
-0.001383
-0.001383
-0.001383
-0.001414
-0.001444
-0.001374
-0.001305
-0.001305
-0.001405
-0.001366
-0.001535
-0.001566
-0.001496
-0.001526
-0.001457
-0.001457
-0.001488
-0.001418
-0.001488
-0.001449
-0.001479
-0.001479
-0.001341
-0.001510
-0.001441
-0.001471
-0.001471
-0.001402
-0.001602
-0.001533
-0.001664
-0.001664
-0.001525
-0.001594
-0.001625
-0.001556
-0.001656
-0.001587
-0.001587
-0.001618
-0.001618
-0.001649
-0.001749
-0.001680
-0.001711
-0.001642
-0.001642
-0.001742
-0.001773
-0.001704
-0.001635
-0.001735
-0.001835
-0.001766
-0.001797
-0.001797
-0.001729
-0.001760
-0.001760
-0.001791
-0.001891
-0.001822
-0.001954
-0.001885
-0.001885
-0.001816
-0.001748
-0.001779
-0.001779
-0.001810
-0.001842
-0.001842
-0.001873
-0.001873
-0.001905
-0.001936
-0.001936
-0.001868
-0.001968
-0.001999
-0.001931
-0.001931
-0.001963
-0.001994
-0.001926
-0.001926
-0.001858
-0.001889
-0.001889
-0.001989
-0.001921
-0.002053
-0.002253
-0.001985
-0.002116
-0.002048
-0.002048
-0.001980
-0.002080
-0.001944
-0.002044
-0.002044
-0.002008
-0.002008
-0.002008
-0.002108
-0.002140
-0.002172
-0.002104
-0.002068
-0.001968
-0.002100
-0.002032
-0.001965
-0.002065
-0.002097
-0.002029
-0.002029
-0.002061
-0.001994
-0.002094
-0.002026
-0.002058
-0.002158
-0.002158
-0.002291
-0.002291
-0.002223
-0.002223
-0.002255
-0.002155
-0.002188
-0.002288
-0.002220
-0.002320
-0.002253
-0.002185
-0.002285
-0.002218
-0.002350
-0.002350
-0.002283
-0.002316
-0.002348
-0.002348
-0.002281
-0.002314
-0.002414
-0.002279
-0.002279
-0.002312
-0.002379
-0.002245
-0.002278
-0.002278
-0.002310
-0.002410
-0.002543
-0.002476
-0.002476
-0.002409
-0.002409
-0.002342
-0.002475
-0.002408
-0.002408
-0.002441
-0.002441
-0.002374
-0.002407
-0.002440
-0.002540
-0.002473
-0.002473
-0.002506
-0.002440
-0.002373
-0.002473
-0.002406
-0.002539
-0.002372
-0.002572
-0.002406
-0.002439
-0.002372
-0.002406
-0.002506
-0.002439
-0.002539
-0.002472
-0.002672
-0.002606
-0.002539
-0.002473
-0.002440
-0.002406
-0.002540
-0.002473
-0.002573
-0.002573
-0.002507
-0.002541
-0.002541
-0.002674
-0.002608
-0.002542
-0.002642
-0.002742
-0.002609
-0.002543
-0.002743
-0.002743
-0.002743
-0.002610
-0.002710
-0.002710
-0.002578
-0.002744
-0.002678
-0.002712
-0.002746
-0.002880
-0.002814
-0.002814
-0.002814
-0.002748
-0.002748
-0.002782
-0.002816
-0.002816
-0.002750
-0.002850
-0.002784
-0.002818
-0.002752
-0.002886
-0.002886
-0.002820
-0.002920
-0.002854
-0.002889
-0.002823
-0.002857
-0.002857
-0.002891
-0.002926
-0.002926
-0.002860
-0.002960
-0.002894
-0.002994
-0.002929
-0.003029
-0.002898
-0.003032
-0.003032
-0.002966
-0.002966
-0.002966
-0.003001
-0.003035
-0.002970
-0.003070
-0.003005
-0.003005
-0.003039
-0.002974
-0.003108
-0.003043
-0.002978
-0.002978
-0.003012
-0.003112
-0.003112
-0.003147
-0.003082
-0.003117
-0.003117
-0.003052
-0.003086
-0.003086
-0.003121
-0.003121
-0.003156
-0.003191
-0.003326
-0.003261
-0.003261
-0.003196
-0.003196
-0.003231
-0.003331
-0.003266
-0.003201
-0.003236
-0.003171
-0.003206
-0.003206
-0.003141
-0.003241
-0.003276
-0.003212
-0.003147
-0.003247
-0.003247
-0.003217
-0.003252
-0.003352
-0.003352
-0.003288
-0.003323
-0.003258
-0.003258
-0.003458
-0.003229
-0.003429
-0.003300
-0.003300
-0.003235
-0.003435
-0.003371
-0.003371
-0.003406
-0.003442
-0.003442
-0.003413
-0.003413
-0.003349
-0.003349
-0.003384
-0.003384
-0.003356
-0.003456
-0.003391
-0.003491
-0.003427
-0.003463
-0.003463
-0.003398
-0.003498
-0.003534
-0.003470
-0.003570
-0.003442
-0.003506
-0.003642
-0.003578
-0.003678
-0.003549
-0.003549
-0.003685
-0.003621
-0.003621
-0.003621
-0.003593
-0.003593
-0.003629
-0.003629
-0.003565
-0.003601
-0.003601
-0.003537
-0.003674
-0.003674
-0.003710
-0.003646
-0.003746
-0.003682
-0.003618
-0.003718
-0.003654
-0.003691
-0.003727
-0.003727
-0.003663
-0.003700
-0.003700
-0.003736
-0.003836
-0.003872
-0.003745
-0.003945
-0.003882
-0.003882
-0.003818
-0.003754
-0.003754
-0.003791
-0.003827
-0.003827
-0.003764
-0.003801
-0.003801
-0.003837
-0.003874
-0.003874
-0.003910
-0.003847
-0.003847
-0.003884
-0.003920
-0.003920
-0.003857
-0.003894
-0.003994
-0.003931
-0.004031
-0.003967
-0.004067
-0.003941
-0.004041
-0.004078
-0.004215
-0.004215
-0.004152
-0.004089
-0.004089
-0.004026
-0.004063
-0.004163
-0.004100
-0.004037
-0.004137
-0.004137
-0.004174
-0.004111
-0.004148
-0.004148
-0.004185
-0.004122
-0.004159
-0.004096
-0.004096
-0.004133
-0.004233
-0.004208
-0.004208
-0.004145
-0.004082
-0.004120
-0.004120
-0.004157
-0.004094
-0.004294
-0.004232
-0.004169
-0.004306
-0.004244
-0.004244
-0.004119
-0.004219
-0.004156
-0.004256
-0.004256
-0.004231
-0.004231
-0.004269
-0.004206
-0.004206
-0.004282
-0.004282
-0.004382
-0.004257
-0.004319
-0.004294
-0.004232
-0.004332
-0.004370
-0.004308
-0.004308
-0.004183
-0.004283
-0.004283
-0.004321
-0.004359
-0.004359
-0.004335
-0.004535
-0.004472
-0.004410
-0.004410
-0.004348
-0.004386
-0.004386
-0.004424
-0.004362
-0.004462
-0.004338
-0.004438
-0.004376
-0.004576
-0.004414
-0.004453
-0.004453
-0.004391
-0.004491
-0.004529
-0.004467
-0.004667
-0.004543
-0.004543
-0.004482
-0.004420
-0.004458
-0.004558
-0.004496
-0.004596
-0.004596
-0.004635
-0.004635
-0.004773
-0.004711
-0.004650
-0.004588
-0.004588
-0.004727
-0.004727
-0.004604
-0.004604
-0.004642
-0.004681
-0.004681
-0.004719
-0.004758
-0.004696
-0.004635
-0.004673
-0.004673
-0.004712
-0.004651
-0.004689
-0.004789
-0.004728
-0.004667
-0.004705
-0.004705
-0.004744
-0.004644
-0.004683
-0.004822
-0.004761
-0.004699
-0.004899
-0.004838
-0.004777
-0.004777
-0.004755
-0.004755
-0.004794
-0.004794
-0.004733
-0.004833
-0.004772
-0.004811
-0.004911
-0.004889
-0.004889
-0.004828
-0.004767
-0.004906
-0.004906
-0.004845
-0.004885
-0.004824
