-0.021699
-0.021699
-0.021699
-0.021613
-0.021613
-0.021613
-0.021613
-0.021569
-0.021569
-0.021525
-0.021438
-0.021438
-0.021351
-0.021351
-0.021351
-0.021351
-0.021351
-0.021307
-0.021307
-0.021264
-0.021264
-0.021264
-0.021220
-0.021220
-0.021177
-0.021177
-0.021177
-0.021089
-0.021089
-0.021089
-0.021046
-0.021046
-0.021002
-0.021002
-0.020959
-0.020915
-0.020915
-0.020915
-0.020915
-0.020872
-0.020828
-0.020828
-0.020828
-0.020741
-0.020654
-0.020654
-0.020654
-0.020654
-0.020654
-0.020654
-0.020654
-0.020567
-0.020567
-0.020567
-0.020567
-0.020523
-0.020479
-0.020479
-0.020392
-0.020392
-0.020392
-0.020392
-0.020349
-0.020349
-0.020305
-0.020305
-0.020262
-0.020218
-0.020218
-0.020218
-0.020174
-0.020174
-0.020131
-0.020131
-0.020087
-0.020044
-0.019957
-0.019957
-0.019957
-0.019957
-0.019957
-0.019957
-0.019869
-0.019869
-0.019869
-0.019869
-0.019826
-0.019826
-0.019826
-0.019826
-0.019826
-0.019739
-0.019695
-0.019695
-0.019695
-0.019651
-0.019608
-0.019608
-0.019564
-0.019521
-0.019521
-0.019521
-0.019521
-0.019477
-0.019434
-0.019434
-0.019347
-0.019347
-0.019259
-0.019259
-0.019259
-0.019259
-0.019259
-0.019259
-0.019259
-0.019172
-0.019172
-0.019172
-0.019172
-0.019172
-0.019129
-0.019085
-0.018998
-0.018998
-0.018998
-0.018998
-0.018998
-0.018954
-0.018911
-0.018911
-0.018824
-0.018824
-0.018824
-0.018824
-0.018824
-0.018780
-0.018780
-0.018737
-0.018693
-0.018649
-0.018562
-0.018562
-0.018562
-0.018562
-0.018562
-0.018519
-0.018475
-0.018475
-0.018475
-0.018475
-0.018475
-0.018431
-0.018388
-0.018388
-0.018388
-0.018301
-0.018301
-0.018301
-0.018301
-0.018257
-0.018214
-0.018214
-0.018214
-0.018127
-0.018127
-0.018127
-0.018127
-0.018127
-0.018083
-0.018039
-0.018039
-0.017952
-0.017865
-0.017865
-0.017865
-0.017865
-0.017865
-0.017865
-0.017865
-0.017778
-0.017778
-0.017734
-0.017734
-0.017734
-0.017734
-0.017691
-0.017691
-0.017604
-0.017604
-0.017604
-0.017560
-0.017517
-0.017517
-0.017517
-0.017517
-0.017429
-0.017429
-0.017429
-0.017386
-0.017386
-0.017386
-0.017343
-0.017299
-0.017255
-0.017168
-0.017168
-0.017168
-0.017168
-0.017168
-0.017168
-0.017081
-0.017081
-0.017081
-0.017081
-0.017037
-0.017037
-0.017037
-0.016994
-0.016906
-0.016950
-0.016906
-0.016906
-0.016906
-0.016863
-0.016863
-0.016819
-0.016776
-0.016732
-0.016732
-0.016732
-0.016689
-0.016689
-0.016689
-0.016645
-0.016602
-0.016558
-0.016471
-0.016471
-0.016471
-0.016471
-0.016471
-0.016471
-0.016471
-0.016383
-0.016383
-0.016383
-0.016383
-0.016340
-0.016340
-0.016340
-0.016297
-0.016209
-0.016209
-0.016209
-0.016209
-0.016166
-0.016122
-0.016122
-0.016122
-0.016035
-0.016035
-0.016035
-0.015992
-0.015992
-0.015992
-0.015948
-0.015948
-0.015774
-0.015774
-0.015774
-0.015774
-0.015774
-0.015774
-0.015774
-0.015774
-0.015686
-0.015686
-0.015686
-0.015643
-0.015643
-0.015643
-0.015599
-0.015599
-0.015512
-0.015512
-0.015512
-0.015469
-0.015512
-0.015425
-0.015425
-0.015425
-0.015338
-0.015338
-0.015338
-0.015338
-0.015294
-0.015251
-0.015251
-0.015251
-0.015251
-0.015077
-0.015077
-0.015077
-0.015077
-0.015077
-0.014989
-0.014989
-0.014989
-0.014989
-0.014989
-0.014989
-0.014946
-0.014946
-0.014903
-0.014903
-0.014815
-0.014815
-0.014815
-0.014815
-0.014772
-0.014728
-0.014728
-0.014641
-0.014641
-0.014641
-0.014641
-0.014641
-0.014597
-0.014597
-0.014554
-0.014554
-0.014379
-0.014379
-0.014379
-0.014379
-0.014379
-0.014379
-0.014379
-0.014292
-0.014292
-0.014292
-0.014292
-0.014249
-0.014249
-0.014205
-0.014205
-0.014205
-0.014118
-0.014118
-0.014118
-0.014074
-0.014074
-0.014031
-0.014031
-0.013944
-0.013944
-0.013944
-0.013944
-0.013900
-0.013900
-0.013900
-0.013857
-0.013813
-0.013682
-0.013682
-0.013682
-0.013682
-0.013682
-0.013682
-0.013682
-0.013682
-0.013595
-0.013595
-0.013595
-0.013595
-0.013552
-0.013552
-0.013508
-0.013464
-0.013421
-0.013421
-0.013421
-0.013421
-0.013334
-0.013334
-0.013334
-0.013247
-0.013247
-0.013247
-0.013203
-0.013247
-0.013247
-0.013203
-0.013159
-0.013159
-0.013072
-0.012985
-0.012985
-0.012985
-0.012985
-0.012985
-0.012985
-0.012898
-0.012898
-0.012898
-0.012898
-0.012854
-0.012854
-0.012811
-0.012811
-0.012767
-0.012724
-0.012724
-0.012724
-0.012680
-0.012680
-0.012637
-0.012637
-0.012637
-0.012549
-0.012549
-0.012549
-0.012549
-0.012506
-0.012506
-0.012462
-0.012375
-0.012375
-0.012375
-0.012375
-0.012288
-0.012288
-0.012288
-0.012288
-0.012288
-0.012201
-0.012201
-0.012158
-0.012158
-0.012201
-0.012114
-0.012114
-0.012114
-0.012027
-0.012027
-0.012027
-0.012027
-0.011983
-0.011939
-0.011896
-0.011852
-0.011852
-0.011852
-0.011852
-0.011809
-0.011809
-0.011809
-0.011765
-0.011809
-0.011591
-0.011591
-0.011591
-0.011591
-0.011591
-0.011591
-0.011591
-0.011591
-0.011504
-0.011504
-0.011504
-0.011460
-0.011460
-0.011460
-0.011417
-0.011417
-0.011417
-0.011329
-0.011329
-0.011286
-0.011286
-0.011243
-0.011243
-0.011243
-0.011155
-0.011155
-0.011155
-0.011112
-0.011112
-0.011112
-0.011112
-0.010981
-0.010981
-0.010894
-0.010894
-0.010894
-0.010894
-0.010894
-0.010894
-0.010894
-0.010807
-0.010807
-0.010807
-0.010807
-0.010763
-0.010763
-0.010719
-0.010676
-0.010632
-0.010632
-0.010632
-0.010632
-0.010589
-0.010545
-0.010545
-0.010545
-0.010458
-0.010458
-0.010458
-0.010415
-0.010415
-0.010415
-0.010371
-0.010371
-0.010327
-0.010196
-0.010196
-0.010196
-0.010196
-0.010196
-0.010196
-0.010196
-0.010109
-0.010109
-0.010109
-0.010109
-0.010066
-0.010066
-0.010023
-0.009979
-0.009935
-0.009935
-0.009935
-0.009892
-0.009892
-0.009848
-0.009848
-0.009761
-0.009761
-0.009761
-0.009761
-0.009718
-0.009718
-0.009718
-0.009674
-0.009674
-0.009587
-0.009499
-0.009499
-0.009499
-0.009499
-0.009499
-0.009499
-0.009412
-0.009456
-0.009412
-0.009412
-0.009369
-0.009369
-0.009369
-0.009325
-0.009238
-0.009238
-0.009238
-0.009238
-0.009195
-0.009195
-0.009151
-0.009151
-0.009151
-0.009064
-0.009064
-0.009064
-0.009064
-0.009020
-0.008977
-0.008933
-0.008977
-0.008890
-0.008890
-0.008802
-0.008802
-0.008802
-0.008802
-0.008802
-0.008759
-0.008715
-0.008715
-0.008715
-0.008715
-0.008671
-0.008671
-0.008628
-0.008628
-0.008585
-0.008541
-0.008541
-0.008541
-0.008454
-0.008454
-0.008454
-0.008367
-0.008410
-0.008367
-0.008367
-0.008323
-0.008323
-0.008323
-0.008323
-0.008236
-0.008193
-0.008193
-0.008105
-0.008105
-0.008105
-0.008105
-0.008105
-0.008018
-0.008018
-0.008018
-0.008018
-0.008018
-0.007975
-0.007931
-0.007931
-0.007844
-0.007844
-0.007844
-0.007844
-0.007800
-0.007800
-0.007757
-0.007757
-0.007713
-0.007670
-0.007670
-0.007670
-0.007626
-0.007626
-0.007626
-0.007582
-0.007539
-0.007495
-0.007408
-0.007408
-0.007408
-0.007408
-0.007408
-0.007408
-0.007321
-0.007321
-0.007321
-0.007321
-0.007277
-0.007277
-0.007277
-0.007277
-0.007234
-0.007146
-0.007146
-0.007103
-0.007103
-0.007103
-0.007060
-0.007060
-0.006972
-0.006972
-0.006972
-0.006972
-0.006929
-0.006929
-0.006885
-0.006885
-0.006885
-0.006842
-0.006711
-0.006711
-0.006711
-0.006711
-0.006711
-0.006711
-0.006711
-0.006624
-0.006624
-0.006624
-0.006624
-0.006580
-0.006580
-0.006537
-0.006537
-0.006493
-0.006449
-0.006449
-0.006449
-0.006406
-0.006362
-0.006362
-0.006362
-0.006275
-0.006275
-0.006275
-0.006231
-0.006231
-0.006231
-0.006231
-0.006101
-0.006101
-0.006014
-0.006014
-0.006014
-0.006014
-0.006014
-0.006014
-0.005970
-0.005927
-0.005927
-0.005927
-0.005883
-0.005883
-0.005883
-0.005883
-0.005796
-0.005796
-0.005753
-0.005753
-0.005753
-0.005753
-0.005665
-0.005665
-0.005665
-0.005578
-0.005578
-0.005578
-0.005578
-0.005535
-0.005535
-0.005491
-0.005404
-0.005404
-0.005404
-0.005317
-0.005317
-0.005317
-0.005317
-0.005317
-0.005317
-0.005273
-0.005229
-0.005186
-0.005229
-0.005186
-0.005142
-0.005142
-0.005055
-0.005055
-0.005055
-0.005055
-0.005011
-0.004968
-0.005011
-0.004968
-0.004968
-0.004881
-0.004881
-0.004881
-0.004881
-0.004837
-0.004837
-0.004794
-0.004707
-0.004707
-0.004619
-0.004619
-0.004619
-0.004619
-0.004619
-0.004619
-0.004576
-0.004532
-0.004532
-0.004532
-0.004489
-0.004489
-0.004489
-0.004445
-0.004358
-0.004358
-0.004358
-0.004358
-0.004358
-0.004315
-0.004271
-0.004271
-0.004271
-0.004184
-0.004184
-0.004184
-0.004184
-0.004140
-0.004140
-0.004097
-0.004097
-0.004009
-0.003922
-0.003922
-0.003922
-0.003922
-0.003922
-0.003922
-0.003879
-0.003835
-0.003835
-0.003835
-0.003835
-0.003792
-0.003792
-0.003748
-0.003748
-0.003661
-0.003661
-0.003661
-0.003617
-0.003574
-0.003617
-0.003574
-0.003530
-0.003487
-0.003487
-0.003487
-0.003487
-0.003443
-0.003443
-0.003399
-0.003399
-0.003399
-0.003225
-0.003225
-0.003225
-0.003225
-0.003225
-0.003225
-0.003225
-0.003138
-0.003138
-0.003138
-0.003095
-0.003095
-0.003095
-0.003051
-0.003051
-0.002964
-0.002964
-0.002964
-0.002920
-0.002920
-0.002877
-0.002877
-0.002790
-0.002790
-0.002790
-0.002790
-0.002746
-0.002746
-0.002746
-0.002746
-0.002659
-0.002615
-0.002528
-0.002528
-0.002528
-0.002528
-0.002528
-0.002528
-0.002485
-0.002441
-0.002441
-0.002441
-0.002397
-0.002397
-0.002397
-0.002310
-0.002310
-0.002267
-0.002267
-0.002267
-0.002223
-0.002223
-0.002180
-0.002180
-0.002180
-0.002092
-0.002092
-0.002092
-0.002092
-0.002049
-0.002049
-0.002005
-0.002005
-0.001831
-0.001831
-0.001831
-0.001831
-0.001831
-0.001831
-0.001831
-0.001831
-0.001744
-0.001744
-0.001744
-0.001700
-0.001744
-0.001656
-0.001656
-0.001570
-0.001570
-0.001570
-0.001570
-0.001570
-0.001570
-0.001483
-0.001483
-0.001483
-0.001396
-0.001396
-0.001396
-0.001352
-0.001352
-0.001352
-0.001308
-0.001308
-0.001221
-0.001221
-0.001134
-0.001134
-0.001134
-0.001134
-0.001134
-0.001090
-0.001047
-0.001047
-0.001047
-0.001047
-0.001003
-0.001003
-0.000960
-0.000873
-0.000916
-0.000873
-0.000873
-0.000829
-0.000785
-0.000785
-0.000785
-0.000785
-0.000785
-0.000742
-0.000698
-0.000698
-0.000655
-0.000655
-0.000655
-0.000611
-0.000524
-0.000436
-0.000436
-0.000436
-0.000436
-0.000436
-0.000436
-0.000393
-0.000350
-0.000350
-0.000350
-0.000306
-0.000306
-0.000306
-0.000306
-0.000262
-0.000219
-0.000175
-0.000175
-0.000132
-0.000175
-0.000132
-0.000088
-0.000045
0.000014
0.000014
0.000014
0.000014
0.000080
0.000080
0.000080
0.000211
0.000211
0.000277
0.000408
0.000408
0.000408
0.000408
0.000408
0.000408
0.000540
0.000540
0.000540
0.000540
0.000605
0.000605
0.000671
0.000788
0.000788
0.000788
0.000788
0.000788
0.000843
0.000843
0.000897
0.001007
0.000897
0.001007
0.001007
0.001061
0.001061
0.001116
0.001061
0.001170
0.001225
0.001334
0.001334
0.001334
0.001334
0.001334
0.001443
0.001334
0.001443
0.001443
0.001498
0.001443
0.001498
0.001552
0.001552
0.001607
0.001662
0.001662
0.001662
0.001716
0.001716
0.001716
0.001771
0.001825
0.001880
0.001880
0.001880
0.001934
0.001934
0.001934
0.001934
0.001989
0.001989
0.002208
0.002208
0.002208
0.002208
0.002208
0.002208
0.002208
0.002317
0.002317
0.002317
0.002317
0.002371
0.002371
0.002371
0.002426
0.002535
0.002535
0.002535
0.002535
0.002590
0.002644
0.002644
0.002644
0.002644
0.002753
0.002753
0.002753
0.002808
0.002808
0.002862
0.002862
0.002917
0.002972
0.003081
0.003081
0.003081
0.003081
0.003081
0.003081
0.003081
0.003190
0.003190
0.003190
0.003190
0.003244
0.003244
0.003299
0.003408
0.003408
0.003408
0.003408
0.003463
0.003463
0.003463
0.003517
0.003626
0.003626
0.003626
0.003626
0.003681
0.003681
0.003681
0.003736
0.003845
0.003845
0.003954
0.003954
0.003954
0.003954
0.003954
0.003954
0.003954
0.004063
0.004063
0.004063
0.004118
0.004118
0.004118
0.004172
0.004172
0.004282
0.004282
0.004282
0.004336
0.004391
0.004391
0.004391
0.004391
0.004500
0.004500
0.004500
0.004500
0.004554
0.004554
0.004609
0.004609
0.004827
0.004827
0.004827
0.004827
0.004827
0.004827
0.004827
0.004882
0.004936
0.004936
0.004936
0.004991
0.004991
0.005046
0.005046
0.005100
0.005154
0.005154
0.005154
0.005209
0.005264
0.005264
0.005318
0.005264
0.005373
0.005373
0.005373
0.005427
0.005427
0.005427
0.005427
0.005482
0.005591
0.005700
0.005700
0.005700
0.005700
0.005700
0.005700
0.005755
0.005810
0.005810
0.005810
0.005810
0.005864
0.005864
0.005919
0.005919
0.006028
0.006028
0.006028
0.006082
0.006137
0.006137
0.006137
0.006246
0.006246
0.006246
0.006246
0.006246
0.006301
0.006355
0.006355
0.006464
0.006464
0.006574
0.006574
0.006574
0.006574
0.006574
0.006574
0.006628
0.006683
0.006683
0.006683
0.006683
0.006737
0.006737
0.006792
0.006792
0.006847
0.006901
0.006901
0.006901
0.006956
0.007010
0.007010
0.007010
0.007010
0.007120
0.007120
0.007120
0.007174
0.007174
0.007228
0.007338
0.007338
0.007338
0.007447
0.007447
0.007447
0.007447
0.007447
0.007501
0.007556
0.007556
0.007556
0.007556
0.007611
0.007611
0.007611
0.007774
0.007774
0.007774
0.007774
0.007829
0.007774
0.007829
0.007993
0.007993
0.007993
0.007993
0.007993
0.007993
0.008047
0.008047
0.008102
0.008102
0.008288
0.008207
0.008288
0.008288
0.008288
0.008288
0.008288
0.008288
0.008369
0.008369
0.008369
0.008369
0.008410
0.008410
0.008450
0.008450
0.008531
0.008531
0.008531
0.008531
0.008572
0.008612
0.008612
0.008653
0.008693
0.008693
0.008693
0.008693
0.008734
0.008734
0.008775
0.008775
0.008815
0.008937
0.008937
0.008937
0.008937
0.008937
0.008937
0.008978
0.009018
0.009018
0.009018
0.009059
0.009059
0.009059
0.009099
0.009180
0.009180
0.009180
0.009180
0.009180
0.009221
0.009262
0.009302
0.009262
0.009262
0.009343
0.009343
0.009343
0.009384
0.009384
0.009424
0.009465
0.009505
0.009587
0.009587
0.009587
0.009587
0.009587
0.009587
0.009587
0.009627
0.009667
0.009667
0.009667
0.009708
0.009749
0.009749
0.009749
0.009830
0.009830
0.009830
0.009870
0.009870
0.009870
0.009911
0.009952
0.009992
0.009992
0.009992
0.009992
0.010033
0.010074
0.010074
0.010074
0.010155
0.010155
0.010236
0.010236
0.010236
0.010236
0.010236
0.010236
0.010277
0.010317
0.010317
0.010358
0.010317
0.010358
0.010398
0.010398
0.010479
0.010479
0.010479
0.010479
0.010520
0.010561
0.010520
0.010561
0.010642
0.010642
0.010642
0.010642
0.010642
0.010682
0.010723
0.010723
0.010804
0.010885
0.010885
0.010885
0.010885
0.010885
0.010885
0.010926
0.010967
0.010967
0.010967
0.011007
0.011007
0.011007
0.011088
0.011007
0.011129
0.011129
0.011129
0.011169
0.011210
0.011210
0.011210
0.011291
0.011291
0.011291
0.011291
0.011332
0.011332
0.011332
0.011372
0.011372
0.011454
0.011535
0.011535
0.011535
0.011535
0.011535
0.011535
0.011616
0.011616
0.011616
0.011616
0.011656
0.011656
0.011697
0.011697
0.011779
0.011738
0.011779
0.011779
0.011819
0.011819
0.011860
0.011860
0.011860
0.011941
0.011941
0.011941
0.011982
0.011982
0.011941
0.012022
0.012103
0.012063
0.012184
0.012184
0.012184
0.012184
0.012184
0.012184
0.012184
0.012184
0.012266
0.012266
0.012266
0.012306
0.012347
0.012306
0.012347
0.012428
0.012428
0.012428
0.012428
0.012468
0.012509
0.012509
0.012509
0.012590
0.012590
0.012590
0.012590
0.012631
0.012631
0.012671
0.012671
0.012753
0.012753
0.012834
0.012834
0.012834
0.012834
0.012834
0.012834
0.012915
0.012915
0.012915
0.012955
0.012955
0.012955
0.012995
0.013036
0.013077
0.013077
0.013077
0.013117
0.013117
0.013158
0.013158
0.013158
0.013239
0.013239
0.013239
0.013239
0.013279
0.013279
0.013320
0.013320
0.013401
0.013482
0.013482
0.013482
0.013482
0.013482
0.013482
0.013482
0.013563
0.013563
0.013563
0.013563
0.013603
0.013603
0.013644
0.013603
0.013725
0.013725
0.013725
0.013765
0.013765
0.013765
0.013806
0.013846
0.013887
0.013887
0.013887
0.013927
0.013927
0.013968
0.013968
0.013968
0.014049
0.014130
0.014049
0.014130
0.014130
0.014130
0.014130
0.014211
0.014171
0.014211
0.014211
0.014251
0.014251
0.014292
0.014292
0.014373
0.014373
0.014373
0.014373
0.014414
0.014454
0.014454
0.014454
0.014535
0.014535
0.014535
0.014535
0.014535
0.014576
0.014616
0.014616
0.014778
0.014697
0.014778
0.014778
0.014778
0.014778
0.014778
0.014778
0.014778
0.014819
0.014859
0.014859
0.014900
0.014859
0.014900
0.014940
0.015021
0.015021
0.015021
0.015021
0.015021
0.015021
0.015102
0.015102
0.015183
0.015183
0.015183
0.015183
0.015183
0.015223
0.015264
0.015223
0.015345
0.015345
0.015426
0.015426
0.015426
0.015426
0.015426
0.015426
0.015467
0.015507
0.015507
0.015507
0.015507
0.015548
0.015548
0.015548
0.015588
0.015669
0.015669
0.015669
0.015669
0.015710
0.015750
0.015750
0.015789
0.015827
0.015827
0.015827
0.015827
0.015864
0.015864
0.015901
0.015939
0.016051
0.016051
0.016051
0.016051
0.016051
0.016051
0.016051
0.016088
0.016125
0.016125
0.016125
0.016162
0.016162
0.016162
0.016162
0.016237
0.016275
0.016275
0.016275
0.016275
0.016312
0.016350
0.016350
0.016387
0.016424
0.016424
0.016424
0.016424
0.016461
0.016461
0.016536
0.016499
0.016573
0.016573
0.016648
0.016648
0.016648
0.016648
0.016648
0.016686
0.016723
0.016723
0.016723
0.016723
0.016760
0.016760
0.016797
0.016797
0.016872
0.016872
0.016872
0.016872
0.016910
0.016947
0.016947
0.016984
0.017022
0.017022
0.017022
0.017022
0.017022
0.017059
0.017096
0.017096
0.017171
0.017171
0.017246
0.017246
0.017246
0.017246
0.017246
0.017246
0.017283
0.017321
0.017321
0.017321
0.017358
0.017358
0.017358
0.017395
0.017432
0.017470
0.017470
0.017470
0.017507
0.017507
0.017545
0.017545
0.017582
0.017619
0.017619
0.017619
0.017656
0.017656
0.017694
0.017694
0.017769
0.017843
0.017843
0.017843
0.017843
0.017843
0.017843
0.017843
0.017918
0.017918
0.017918
0.017955
0.017955
0.017955
0.017955
0.017993
0.017993
0.018067
0.018067
0.018067
0.018105
0.018105
0.018142
0.018142
0.018142
0.018217
0.018217
0.018217
0.018254
0.018254
0.018292
0.018292
0.018366
0.018366
0.018441
0.018441
0.018441
0.018441
0.018441
0.018441
0.018515
0.018515
0.018515
0.018553
0.018553
0.018553
0.018590
0.018665
0.018665
0.018665
0.018665
0.018665
0.018665
0.018740
0.018740
0.018814
0.018814
0.018814
0.018814
0.018852
0.018852
0.018852
0.018889
0.018889
0.018947
0.018988
0.018988
0.018988
0.018988
0.018988
0.018988
0.018988
0.018988
0.018988
0.019029
0.019029
0.019050
0.019050
0.019050
0.019070
0.019111
0.019111
0.019111
0.019111
0.019132
0.019132
0.019152
0.019173
0.019193
0.019193
0.019193
0.019193
0.019213
0.019213
0.019234
0.019275
0.019234
0.019275
0.019316
0.019316
0.019316
0.019316
0.019316
0.019316
0.019357
0.019357
0.019357
0.019357
0.019377
0.019377
0.019398
0.019398
0.019439
0.019439
0.019439
0.019439
0.019480
0.019480
0.019480
0.019480
0.019521
0.019521
0.019521
0.019521
0.019542
0.019542
0.019562
0.019582
0.019644
0.019603
0.019644
0.019644
0.019644
0.019644
0.019644
0.019644
0.019663
0.019663
0.019663
0.019663
0.019627
0.019627
0.019627
0.019592
0.019520
0.019520
0.019520
0.019520
0.019448
0.019448
0.019448
0.019413
0.019448
0.019377
0.019377
0.019341
0.019341
0.019341
0.019341
0.019305
0.019234
0.019162
0.019234
0.019162
0.019162
0.019162
0.019162
0.019162
0.019090
0.019090
0.019090
0.019090
0.019054
0.019054
0.019019
0.019019
0.019019
0.018947
0.018947
0.018947
0.018947
0.018911
0.018876
0.018804
0.018804
0.018804
0.018804
0.018804
0.018768
0.018732
0.018768
0.018696
0.018696
0.018660
0.018589
0.018589
0.018589
0.018589
0.018589
0.018589
0.018517
0.018517
0.018517
0.018517
0.018517
0.018446
0.018446
0.018374
0.018374
0.018374
0.018374
0.018374
0.018338
0.018338
0.018302
0.018302
0.018231
0.018231
0.018231
0.018231
0.018195
0.018195
0.018195
0.018124
0.018124
0.018016
0.018016
0.018016
0.018016
0.018016
0.018016
0.017980
0.017945
0.017945
0.017945
0.017908
0.017908
0.017908
0.017908
0.017873
0.017801
0.017801
0.017801
0.017801
0.017801
0.017765
0.017730
0.017658
0.017694
0.017658
0.017658
0.017658
0.017658
0.017622
0.017586
0.017586
0.017586
0.017515
0.017443
0.017443
0.017443
0.017443
0.017443
0.017443
0.017408
0.017372
0.017372
0.017336
0.017336
0.017336
0.017300
0.017229
0.017229
0.017229
0.017229
0.017229
0.017193
0.017157
0.017157
0.017121
0.017121
0.017085
0.017085
0.017085
0.017049
0.017049
0.017049
0.017014
0.016978
0.017014
0.016870
0.016870
0.016870
0.016870
0.016870
0.016870
0.016799
0.016799
0.016835
0.016763
0.016763
0.016763
0.016763
0.016655
0.016655
0.016655
0.016655
0.016655
0.016619
0.016583
0.016583
0.016583
0.016512
0.016512
0.016512
0.016512
0.016476
0.016476
0.016476
0.016440
0.016404
0.016368
0.016297
0.016297
0.016297
0.016297
0.016261
0.016297
0.016225
0.016225
0.016225
0.016225
0.016225
0.016189
0.016189
0.016189
0.016082
0.016082
0.016082
0.016082
0.016082
0.016010
0.016010
0.016010
0.016010
0.015974
0.016010
0.015938
0.015938
0.015902
0.015866
0.015902
0.015866
0.015831
0.015723
0.015723
0.015723
0.015723
0.015723
0.015723
0.015687
0.015651
0.015651
0.015651
0.015651
0.015615
0.015615
0.015580
0.015580
0.015508
0.015508
0.015508
0.015508
0.015436
0.015472
0.015436
0.015436
0.015436
0.015364
0.015364
0.015364
0.015329
0.015329
0.015293
0.015293
0.015257
0.015149
0.015149
0.015149
0.015149
0.015149
0.015149
0.015149
0.015078
0.015078
0.015078
0.015078
0.015042
0.015042
0.015042
0.014970
0.014934
0.014934
0.014934
0.014934
0.014898
0.014863
0.014863
0.014827
0.014791
0.014791
0.014791
0.014791
0.014755
0.014755
0.014719
0.014719
0.014647
0.014647
0.014576
0.014576
0.014576
0.014576
0.014576
0.014576
0.014504
0.014504
0.014504
0.014504
0.014468
0.014468
0.014468
0.014361
0.014468
0.014361
0.014361
0.014361
0.014325
0.014325
0.014289
0.014289
0.014217
0.014217
0.014217
0.014217
0.014181
0.014181
0.014145
0.014145
0.014110
0.014002
0.014002
0.014002
0.014002
0.014002
0.014002
0.014002
0.013966
0.013930
0.013930
0.013930
0.013930
0.013894
0.013859
0.013823
0.013787
0.013787
0.013787
0.013823
0.013787
0.013715
0.013751
0.013715
0.013715
0.013643
0.013643
0.013607
0.013607
0.013607
0.013572
0.013500
0.013500
0.013428
0.013428
0.013428
0.013428
0.013428
0.013428
0.013428
0.013392
0.013357
0.013357
0.013357
0.013321
0.013321
0.013321
0.013285
0.013213
0.013213
0.013213
0.013213
0.013177
0.013177
0.013141
0.013141
0.013141
0.013069
0.013069
0.013069
0.013034
0.013034
0.013034
0.012998
0.012926
0.012926
0.012854
0.012854
0.012854
0.012854
0.012854
0.012854
0.012818
0.012783
0.012783
0.012747
0.012747
0.012747
0.012711
0.012711
0.012639
0.012639
0.012639
0.012603
0.012603
0.012603
0.012568
0.012568
0.012568
0.012496
0.012496
0.012496
0.012496
0.012464
0.012464
0.012415
0.012391
0.012342
0.012342
0.012342
0.012342
0.012342
0.012342
0.012342
0.012342
0.012342
0.012293
0.012293
0.012269
0.012269
0.012269
0.012220
0.012196
0.012196
0.012196
0.012196
0.012196
0.012171
0.012147
0.012147
0.012098
0.012098
0.012098
0.012098
0.012074
0.012074
0.012049
0.012049
0.012000
0.012000
0.011951
0.011951
0.011951
0.011951
0.011951
0.011927
0.011927
0.011903
0.011903
0.011903
0.011878
0.011878
0.011878
0.011854
0.011805
0.011805
0.011805
0.011805
0.011805
0.011781
0.011756
0.011756
0.011756
0.011707
0.011707
0.011683
0.011683
0.011683
0.011658
0.011610
0.011610
0.011561
0.011561
0.011561
0.011561
0.011561
0.011561
0.011561
0.011512
0.011512
0.011512
0.011488
0.011488
0.011488
0.011463
0.011463
0.011414
0.011414
0.011414
0.011414
0.011390
0.011365
0.011365
0.011365
0.011317
0.011317
0.011317
0.011317
0.011292
0.011292
0.011268
0.011268
0.011268
0.011170
0.011170
0.011170
0.011170
0.011170
0.011170
0.011146
0.011122
0.011122
0.011122
0.011122
0.011122
0.011097
0.011073
0.011073
0.011024
0.011024
0.011024
0.011000
0.010975
0.010975
0.010975
0.010975
0.010926
0.010926
0.010926
0.010926
0.010926
0.010902
0.010877
0.010853
0.010829
0.010829
0.010829
0.010780
0.010780
0.010780
0.010780
0.010755
0.010731
0.010731
0.010731
0.010731
0.010707
0.010707
0.010707
0.010682
0.010633
0.010633
0.010633
0.010633
0.010609
0.010584
0.010584
0.010536
0.010536
0.010536
0.010536
0.010511
0.010511
0.010511
0.010487
0.010511
0.010438
0.010389
0.010389
0.010389
0.010389
0.010389
0.010389
0.010389
0.010389
0.010341
0.010341
0.010341
0.010316
0.010316
0.010292
0.010292
0.010267
0.010243
0.010243
0.010219
0.010219
0.010194
0.010219
0.010145
0.010145
0.010145
0.010145
0.010145
0.010121
0.010121
0.010096
0.010096
0.010047
0.010047
0.009999
0.009999
0.009999
0.009999
0.009999
0.009999
0.009950
0.009950
0.009950
0.009950
0.009925
0.009925
0.009901
0.009852
0.009852
0.009852
0.009852
0.009852
0.009828
0.009803
0.009803
0.009779
0.009755
0.009755
0.009755
0.009730
0.009730
0.009730
0.009706
0.009706
0.009608
0.009657
0.009657
0.009608
0.009608
0.009608
0.009608
0.009608
0.009584
0.009559
0.009559
0.009559
0.009535
0.009535
0.009511
0.009511
0.009462
0.009462
0.009462
0.009462
0.009462
0.009413
0.009413
0.009388
0.009364
0.009364
0.009364
0.009340
0.009340
0.009340
0.009340
0.009316
0.009267
0.009218
0.009218
0.009218
0.009218
0.009218
0.009218
0.009169
0.009169
0.009169
0.009169
0.009144
0.009144
0.009144
0.009120
0.009120
0.009095
0.009071
0.009071
0.009071
0.009047
0.009047
0.009023
0.009023
0.008973
0.008973
0.008973
0.008973
0.008973
0.008949
0.008925
0.008925
0.008876
0.008876
0.008827
0.008827
0.008827
0.008827
0.008827
0.008778
0.008778
0.008778
0.008778
0.008754
0.008778
0.008754
0.008729
0.008681
0.008681
0.008681
0.008681
0.008681
0.008657
0.008632
0.008632
0.008632
0.008583
0.008583
0.008583
0.008559
0.008559
0.008559
0.008534
0.008534
0.008486
0.008437
0.008437
0.008437
0.008437
0.008437
0.008437
0.008412
0.008412
0.008388
0.008388
0.008364
0.008339
0.008364
0.008364
0.008290
0.008364
0.008290
0.008290
0.008290
0.008266
0.008241
0.008241
0.008241
0.008192
0.008192
0.008192
0.008192
0.008168
0.008168
0.008144
0.008119
0.008119
0.008046
0.008046
0.008046
0.008046
0.008046
0.008046
0.007997
0.007997
0.007997
0.007997
0.007997
0.007973
0.007973
0.007949
0.007900
0.007900
0.007900
0.007900
0.007875
0.007875
0.007851
0.007851
0.007851
0.007802
0.007802
0.007802
0.007802
0.007777
0.007802
0.007753
0.007704
0.007704
0.007655
0.007704
0.007655
0.007655
0.007655
0.007655
0.007631
0.007631
0.007607
0.007607
0.007607
0.007582
0.007582
0.007558
0.007509
0.007509
0.007509
0.007509
0.007509
0.007485
0.007460
0.007435
0.007460
0.007411
0.007411
0.007411
0.007411
0.007387
0.007362
0.007411
0.007362
0.007314
0.007265
0.007265
0.007265
0.007265
0.007265
0.007265
0.007216
0.007216
0.007216
0.007216
0.007216
0.007191
0.007191
0.007167
0.007167
0.007118
0.007118
0.007118
0.007094
0.007094
0.007094
0.007070
0.007021
0.007021
0.007021
0.007021
0.007021
0.007021
0.006996
0.006972
0.006923
0.006972
0.006874
0.006874
0.006874
0.006874
0.006874
0.006874
0.006850
0.006850
0.006826
0.006826
0.006826
0.006801
0.006776
0.006776
0.006752
0.006752
0.006728
0.006728
0.006728
0.006679
0.006679
0.006679
0.006655
0.006679
0.006630
0.006630
0.006630
0.006606
0.006630
0.006606
0.006581
0.006533
0.006484
0.006484
0.006484
0.006484
0.006484
0.006484
0.006484
0.006484
0.006435
0.006435
0.006435
0.006411
0.006411
0.006386
0.006386
0.006362
0.006337
0.006337
0.006313
0.006313
0.006289
0.006289
0.006289
0.006240
0.006240
0.006240
0.006240
0.006240
0.006215
0.006191
0.006166
0.006142
0.006093
0.006093
0.006093
0.006093
0.006093
0.006093
0.006093
0.006045
0.006045
0.006045
0.006045
0.006020
0.006020
0.006045
0.005972
0.005947
0.005947
0.005947
0.005947
0.005923
0.005898
0.005898
0.005898
0.005849
0.005849
0.005849
0.005825
0.005825
0.005825
0.005800
0.005800
0.005752
0.005703
0.005703
0.005703
0.005703
0.005703
0.005703
0.005654
0.005654
0.005678
0.005654
0.005630
0.005630
0.005630
0.005630
0.005605
0.005581
0.005556
0.005556
0.005532
0.005532
0.005507
0.005507
0.005507
0.005459
0.005459
0.005459
0.005459
0.005434
0.005434
0.005410
0.005385
0.005361
0.005312
0.005312
0.005312
0.005312
0.005312
0.005312
0.005288
0.005263
0.005263
0.005263
0.005239
0.005239
0.005239
0.005239
0.005215
0.005166
0.005166
0.005166
0.005166
0.005141
0.005117
0.005117
0.005093
0.005068
0.005068
0.005068
0.005068
0.005044
0.005044
0.005044
0.005019
0.004971
0.004921
0.004921
0.004921
0.004921
0.004921
0.004921
0.004921
0.004897
0.004873
0.004873
0.004848
0.004848
0.004824
0.004824
0.004824
0.004775
0.004775
0.004775
0.004775
0.004751
0.004726
0.004726
0.004726
0.004678
0.004678
0.004678
0.004678
0.004678
0.004653
0.004629
0.004604
0.004580
0.004580
0.004531
0.004531
0.004531
0.004531
0.004531
0.004531
0.004482
0.004482
0.004482
0.004458
0.004458
0.004458
0.004434
0.004434
0.004384
0.004384
0.004384
0.004360
0.004360
0.004336
0.004360
0.004336
0.004287
0.004287
0.004287
0.004263
0.004263
0.004263
0.004263
0.004238
0.004238
0.004190
0.004141
0.004141
0.004141
0.004141
0.004116
0.004092
0.004116
0.004092
0.004092
0.004092
0.004068
0.004068
0.004043
0.004043
0.004043
0.003994
0.003994
0.003970
0.003970
0.003994
0.003945
0.003896
0.003896
0.003896
0.003896
0.003896
0.003896
0.003872
0.003872
0.003848
0.003848
0.003823
0.003750
0.003750
0.003750
0.003750
0.003750
0.003750
0.003701
0.003701
0.003701
0.003701
0.003677
0.003677
0.003653
0.003603
0.003603
0.003653
0.003603
0.003603
0.003579
0.003555
0.003555
0.003555
0.003506
0.003506
0.003506
0.003506
0.003506
0.003481
0.003481
0.003457
0.003408
0.003408
0.003408
0.003360
0.003360
0.003360
0.003360
0.003360
0.003335
0.003311
0.003311
0.003311
0.003311
0.003286
0.003286
0.003262
0.003262
0.003213
0.003213
0.003213
0.003164
0.003164
0.003164
0.003164
0.003116
0.003116
0.003116
0.003116
0.003091
0.003091
0.003091
0.003066
0.003018
0.002969
0.002969
0.002969
0.002969
0.002969
0.002969
0.002969
0.002920
0.002920
0.002920
0.002920
0.002896
0.002896
0.002871
0.002847
0.002871
0.002823
0.002823
0.002823
0.002798
0.002774
0.002774
0.002749
0.002725
0.002725
0.002725
0.002701
0.002701
0.002701
0.002701
0.002676
0.002578
0.002578
0.002578
0.002578
0.002578
0.002578
0.002578
0.002530
0.002530
0.002554
0.002530
0.002530
0.002530
0.002505
0.002481
0.002505
0.002481
0.002432
0.002432
0.002432
0.002408
0.002408
0.002384
0.002384
0.002334
0.002334
0.002334
0.002334
0.002334
0.002310
0.002310
0.002286
0.002236
0.002286
0.002187
0.002187
0.002187
0.002187
0.002187
0.002187
0.002139
0.002139
0.002139
0.002139
0.002115
0.002115
0.002115
0.002090
0.002066
0.002042
0.002042
0.002042
0.002042
0.002017
0.001993
0.001993
0.001993
0.001944
0.001944
0.001944
0.001919
0.001919
0.001919
0.001919
0.001870
0.001846
0.001797
0.001797
0.001797
0.001797
0.001797
0.001797
0.001773
0.001748
0.001748
0.001724
0.001748
0.001724
0.001724
0.001700
0.001651
0.001651
0.001651
0.001651
0.001627
0.001651
0.001602
0.001602
0.001553
0.001553
0.001553
0.001553
0.001553
0.001529
0.001529
0.001505
0.001505
0.001480
0.001456
0.001407
0.001407
0.001407
0.001407
0.001407
0.001383
0.001358
0.001358
0.001333
0.001358
0.001333
0.001333
0.001333
0.001285
0.001260
0.001260
0.001260
0.001260
0.001236
0.001211
0.001211
0.001211
0.001187
0.001163
0.001163
0.001163
0.001138
0.001138
0.001138
0.001114
0.001065
0.001016
0.001016
0.001016
0.001016
0.001016
0.001016
0.001016
0.000968
0.000968
0.000968
0.000943
0.000943
0.000943
0.000943
0.000919
0.000870
0.000870
0.000870
0.000870
0.000846
0.000821
0.000821
0.000772
0.000772
0.000772
0.000772
0.000772
0.000772
0.000748
0.000748
0.000724
0.000724
0.000675
0.000626
0.000626
0.000626
0.000626
0.000626
0.000626
0.000577
0.000577
0.000577
0.000577
0.000553
0.000553
0.000553
0.000528
0.000504
0.000479
0.000479
0.000455
0.000431
0.000431
0.000431
0.000431
0.000382
0.000382
0.000382
0.000382
0.000357
0.000357
0.000357
0.000333
0.000235
0.000235
0.000235
0.000235
0.000235
0.000235
0.000235
0.000235
0.000186
0.000186
0.000186
0.000162
0.000162
0.000162
0.000162
0.000137
0.000089
0.000089
0.000089
0.000089
0.000064
0.000040
0.000040
0.000040
-0.000009
-0.000009
-0.000009
-0.000009
-0.000033
-0.000033
-0.000058
-0.000058
-0.000155
-0.000155
-0.000155
-0.000155
-0.000155
-0.000155
-0.000155
-0.000155
-0.000204
-0.000204
-0.000204
-0.000204
-0.000204
-0.000228
-0.000253
-0.000253
-0.000277
-0.000302
-0.000302
-0.000326
-0.000326
-0.000351
-0.000351
-0.000351
-0.000351
-0.000399
-0.000399
-0.000399
-0.000424
-0.000424
-0.000448
-0.000448
-0.000448
-0.000473
-0.000546
-0.000546
-0.000546
-0.000546
-0.000546
-0.000546
-0.000595
-0.000595
-0.000595
-0.000619
-0.000619
-0.000619
-0.000643
-0.000692
-0.000692
-0.000692
-0.000692
-0.000717
-0.000741
-0.000717
-0.000741
-0.000741
-0.000790
-0.000790
-0.000790
-0.000790
-0.000814
-0.000814
-0.000839
-0.000863
-0.000937
-0.000937
-0.000937
-0.000937
-0.000937
-0.000937
-0.000937
-0.000937
-0.000985
-0.000985
-0.000985
-0.000985
-0.001010
-0.001010
-0.001010
-0.001034
-0.001058
-0.001083
-0.001083
-0.001083
-0.001107
-0.001132
-0.001132
-0.001132
-0.001156
-0.001180
-0.001180
-0.001205
-0.001205
-0.001205
-0.001205
-0.001229
-0.001278
-0.001327
-0.001327
-0.001327
-0.001327
-0.001327
-0.001327
-0.001376
-0.001376
-0.001376
-0.001376
-0.001400
-0.001400
-0.001425
-0.001425
-0.001449
-0.001473
-0.001473
-0.001473
-0.001473
-0.001498
-0.001522
-0.001522
-0.001522
-0.001571
-0.001571
-0.001571
-0.001571
-0.001595
-0.001620
-0.001620
-0.001669
-0.001718
-0.001718
-0.001718
-0.001718
-0.001718
-0.001718
-0.001718
-0.001718
-0.001766
-0.001766
-0.001766
-0.001766
-0.001791
-0.001791
-0.001815
-0.001815
-0.001864
-0.001864
-0.001864
-0.001864
-0.001888
-0.001912
-0.001912
-0.001912
-0.001961
-0.001961
-0.001961
-0.001961
-0.001961
-0.001986
-0.001986
-0.002010
-0.002108
-0.002108
-0.002108
-0.002108
-0.002108
-0.002108
-0.002108
-0.002133
-0.002108
-0.002157
-0.002157
-0.002157
-0.002181
-0.002181
-0.002181
-0.002206
-0.002254
-0.002254
-0.002254
-0.002254
-0.002279
-0.002303
-0.002303
-0.002303
-0.002352
-0.002352
-0.002352
-0.002352
-0.002377
-0.002377
-0.002377
-0.002401
-0.002450
-0.002498
-0.002498
-0.002498
-0.002498
-0.002498
-0.002498
-0.002498
-0.002547
-0.002547
-0.002547
-0.002547
-0.002547
-0.002547
-0.002596
-0.002596
-0.002620
-0.002645
-0.002645
-0.002645
-0.002669
-0.002694
-0.002694
-0.002694
-0.002743
-0.002743
-0.002743
-0.002743
-0.002743
-0.002767
-0.002791
-0.002791
-0.002791
-0.002889
-0.002889
-0.002889
-0.002889
-0.002889
-0.002889
-0.002889
-0.002889
-0.002938
-0.002938
-0.002938
-0.002962
-0.002962
-0.002987
-0.002987
-0.003011
-0.003035
-0.003035
-0.003060
-0.003060
-0.003084
-0.003084
-0.003084
-0.003133
-0.003133
-0.003133
-0.003133
-0.003157
-0.003157
-0.003182
-0.003182
-0.003182
-0.003280
-0.003280
-0.003280
-0.003280
-0.003280
-0.003280
-0.003280
-0.003328
-0.003328
-0.003328
-0.003353
-0.003353
-0.003353
-0.003377
-0.003377
-0.003377
-0.003426
-0.003426
-0.003450
-0.003426
-0.003450
-0.003475
-0.003475
-0.003524
-0.003524
-0.003524
-0.003524
-0.003524
-0.003548
-0.003572
-0.003572
-0.003572
-0.003670
-0.003670
-0.003670
-0.003670
-0.003670
-0.003670
-0.003670
-0.003670
-0.003719
-0.003719
-0.003743
-0.003743
-0.003743
-0.003768
-0.003816
-0.003816
-0.003816
-0.003816
-0.003816
-0.003816
-0.003865
-0.003865
-0.003865
-0.003914
-0.003914
-0.003914
-0.003938
-0.003938
-0.003938
-0.003963
-0.003988
-0.003988
-0.004061
-0.004061
-0.004061
-0.004061
-0.004061
-0.004061
-0.004109
-0.004109
-0.004109
-0.004109
-0.004109
-0.004109
-0.004134
-0.004158
-0.004158
-0.004207
-0.004207
-0.004207
-0.004207
-0.004232
-0.004256
-0.004256
-0.004256
-0.004305
-0.004305
-0.004305
-0.004329
-0.004329
-0.004329
-0.004329
-0.004353
-0.004402
-0.004451
-0.004451
-0.004451
-0.004451
-0.004451
-0.004451
-0.004500
-0.004500
-0.004500
-0.004500
-0.004524
-0.004524
-0.004524
-0.004549
-0.004549
-0.004598
-0.004598
-0.004598
-0.004598
-0.004622
-0.004646
-0.004646
-0.004646
-0.004671
-0.004695
-0.004695
-0.004719
-0.004719
-0.004719
-0.004719
-0.004743
-0.004838
-0.004838
-0.004838
-0.004838
-0.004838
-0.004838
-0.004838
-0.004838
-0.004885
-0.004885
-0.004885
-0.004885
-0.004909
-0.004909
-0.004909
-0.004957
-0.004980
-0.004980
-0.004980
-0.005004
-0.005004
-0.005004
-0.005028
-0.005052
-0.005076
-0.005076
-0.005076
-0.005076
-0.005076
-0.005123
-0.005123
-0.005146
-0.005218
-0.005170
-0.005218
-0.005218
-0.005218
-0.005218
-0.005218
-0.005218
-0.005265
-0.005265
-0.005265
-0.005289
-0.005289
-0.005289
-0.005312
-0.005336
-0.005336
-0.005360
-0.005360
-0.005360
-0.005360
-0.005408
-0.005408
-0.005408
-0.005455
-0.005455
-0.005455
-0.005455
-0.005479
-0.005479
-0.005479
-0.005503
-0.005550
-0.005597
-0.005597
-0.005597
-0.005597
-0.005597
-0.005597
-0.005597
-0.005597
-0.005645
-0.005645
-0.005645
-0.005669
-0.005669
-0.005693
-0.005693
-0.005740
-0.005740
-0.005740
-0.005764
-0.005764
-0.005764
-0.005787
-0.005787
-0.005787
-0.005835
-0.005835
-0.005835
-0.005858
-0.005858
-0.005858
-0.005882
-0.005906
-0.005977
-0.005977
-0.005977
-0.005977
-0.005977
-0.005977
-0.005977
-0.005977
-0.006024
-0.006024
-0.006024
-0.006049
-0.006049
-0.006049
-0.006072
-0.006120
-0.006120
-0.006120
-0.006120
-0.006143
-0.006167
-0.006167
-0.006167
-0.006191
-0.006215
-0.006215
-0.006238
-0.006238
-0.006238
-0.006238
-0.006286
-0.006286
-0.006357
-0.006357
-0.006357
-0.006357
-0.006357
-0.006357
-0.006357
-0.006405
-0.006405
-0.006405
-0.006405
-0.006405
-0.006428
-0.006452
-0.006500
-0.006500
-0.006500
-0.006500
-0.006500
-0.006523
-0.006547
-0.006547
-0.006547
-0.006594
-0.006594
-0.006594
-0.006594
-0.006618
-0.006618
-0.006618
-0.006642
-0.006642
-0.006689
-0.006736
-0.006736
-0.006736
-0.006736
-0.006736
-0.006736
-0.006784
-0.006784
-0.006784
-0.006808
-0.006808
-0.006808
-0.006832
-0.006879
-0.006855
-0.006879
-0.006879
-0.006903
-0.006903
-0.006903
-0.006927
-0.006950
-0.006927
-0.006974
-0.006974
-0.006974
-0.006998
-0.006998
-0.006998
-0.007007
-0.007017
-0.007017
-0.007017
-0.007017
-0.007017
-0.007017
-0.007017
-0.007017
-0.007024
-0.007024
-0.007024
-0.007024
-0.007027
-0.007027
-0.007030
-0.007027
-0.007038
-0.007038
-0.007038
-0.007038
-0.007038
-0.007044
-0.007044
-0.007048
-0.007051
-0.007051
-0.007051
-0.007051
-0.007051
-0.007054
-0.007058
-0.007058
-0.007065
-0.007072
-0.007072
-0.007072
-0.007072
-0.007072
-0.007072
-0.007072
-0.007079
-0.007079
-0.007079
-0.007082
-0.007082
-0.007082
-0.007085
-0.007085
-0.007092
-0.007092
-0.007092
-0.007092
-0.007092
-0.007099
-0.007099
-0.007099
-0.007105
-0.007105
-0.007105
-0.007105
-0.007109
-0.007105
-0.007112
-0.007112
-0.007116
-0.007126
-0.007126
-0.007126
-0.007126
-0.007126
-0.007126
-0.007126
-0.007126
-0.007133
-0.007133
-0.007133
-0.007133
-0.007140
-0.007140
-0.007143
-0.007140
-0.007147
-0.007147
-0.007147
-0.007150
-0.007153
-0.007153
-0.007153
-0.007160
-0.007160
-0.007160
-0.007163
-0.007160
-0.007163
-0.007163
-0.007167
-0.007170
-0.007173
-0.007180
-0.007180
-0.007180
-0.007180
-0.007180
-0.007180
-0.007187
-0.007187
-0.007187
-0.007187
-0.007191
-0.007191
-0.007191
-0.007197
-0.007201
-0.007201
-0.007201
-0.007201
-0.007204
-0.007207
-0.007207
-0.007207
-0.007211
-0.007214
-0.007214
-0.007214
-0.007214
-0.007217
-0.007221
-0.007221
-0.007228
-0.007235
-0.007235
-0.007235
-0.007235
-0.007235
-0.007235
-0.007235
-0.007238
-0.007242
-0.007242
-0.007242
-0.007245
-0.007245
-0.007245
-0.007245
-0.007248
-0.007255
-0.007255
-0.007255
-0.007258
-0.007258
-0.007262
-0.007268
-0.007268
-0.007268
-0.007268
-0.007272
-0.007272
-0.007272
-0.007275
-0.007275
-0.007282
-0.007289
-0.007289
-0.007289
-0.007289
-0.007289
-0.007289
-0.007289
-0.007292
-0.007296
-0.007296
-0.007296
-0.007299
-0.007303
-0.007303
-0.007303
-0.007306
-0.007309
-0.007309
-0.007313
-0.007313
-0.007316
-0.007316
-0.007316
-0.007319
-0.007323
-0.007323
-0.007323
-0.007323
-0.007326
-0.007330
-0.007330
-0.007333
-0.007343
-0.007343
-0.007343
-0.007343
-0.007343
-0.007343
-0.007343
-0.007346
-0.007350
-0.007350
-0.007350
-0.007353
-0.007353
-0.007357
-0.007357
-0.007363
-0.007363
-0.007363
-0.007363
-0.007367
-0.007370
-0.007370
-0.007370
-0.007377
-0.007377
-0.007377
-0.007377
-0.007377
-0.007381
-0.007381
-0.007384
-0.007391
-0.007397
-0.007397
-0.007397
-0.007397
-0.007397
-0.007397
-0.007397
-0.007397
-0.007405
-0.007405
-0.007408
-0.007408
-0.007408
-0.007411
-0.007411
-0.007411
-0.007418
-0.007418
-0.007418
-0.007418
-0.007421
-0.007425
-0.007425
-0.007432
-0.007432
-0.007432
-0.007432
-0.007432
-0.007435
-0.007435
-0.007438
-0.007445
-0.007445
-0.007452
-0.007452
-0.007452
-0.007452
-0.007452
-0.007452
-0.007459
-0.007459
-0.007459
-0.007459
-0.007459
-0.007462
-0.007462
-0.007466
-0.007472
-0.007472
-0.007472
-0.007472
-0.007472
-0.007475
-0.007479
-0.007486
-0.007479
-0.007486
-0.007486
-0.007489
-0.007489
-0.007489
-0.007493
-0.007493
-0.007493
-0.007506
-0.007506
-0.007506
-0.007506
-0.007506
-0.007506
-0.007506
-0.007506
-0.007513
-0.007513
-0.007513
-0.007517
-0.007513
-0.007517
-0.007519
-0.007519
-0.007526
-0.007526
-0.007526
-0.007526
-0.007533
-0.007533
-0.007533
-0.007540
-0.007540
-0.007540
-0.007540
-0.007544
-0.007544
-0.007544
-0.007547
-0.007554
-0.007554
-0.007561
-0.007561
-0.007561
-0.007561
-0.007561
-0.007564
-0.007567
-0.007567
-0.007567
-0.007571
-0.007571
-0.007574
-0.007574
-0.007571
-0.007574
-0.007581
-0.007581
-0.007581
-0.007581
-0.007587
-0.007587
-0.007587
-0.007594
-0.007594
-0.007594
-0.007594
-0.007598
-0.007598
-0.007598
-0.007604
-0.007601
-0.007615
-0.007615
-0.007615
-0.007615
-0.007615
-0.007615
-0.007615
-0.007615
-0.007622
-0.007622
-0.007622
-0.007622
-0.007625
-0.007625
-0.007629
-0.007635
-0.007632
-0.007635
-0.007635
-0.007639
-0.007639
-0.007642
-0.007642
-0.007642
-0.007649
-0.007649
-0.007649
-0.007652
-0.007652
-0.007652
-0.007656
-0.007659
-0.007662
-0.007669
-0.007669
-0.007669
-0.007669
-0.007669
-0.007676
-0.007669
-0.007676
-0.007676
-0.007676
-0.007679
-0.007679
-0.007683
-0.007683
-0.007686
-0.007689
-0.007689
-0.007689
-0.007689
-0.007693
-0.007696
-0.007696
-0.007696
-0.007703
-0.007703
-0.007703
-0.007703
-0.007706
-0.007710
-0.007710
-0.007713
-0.007724
-0.007724
-0.007724
-0.007724
-0.007724
-0.007724
-0.007724
-0.007730
-0.007730
-0.007730
-0.007730
-0.007733
-0.007733
-0.007737
-0.007744
-0.007740
-0.007744
-0.007744
-0.007744
-0.007744
-0.007747
-0.007751
-0.007751
-0.007757
-0.007757
-0.007757
-0.007757
-0.007761
-0.007761
-0.007761
-0.007764
-0.007771
-0.007778
-0.007778
-0.007778
-0.007778
-0.007778
-0.007778
-0.007778
-0.007781
-0.007781
-0.007785
-0.007785
-0.007788
-0.007788
-0.007788
-0.007791
-0.007791
-0.007798
-0.007798
-0.007798
-0.007798
-0.007798
-0.007805
-0.007805
-0.007805
-0.007812
-0.007812
-0.007812
-0.007815
-0.007815
-0.007815
-0.007815
-0.007826
-0.007832
-0.007832
-0.007832
-0.007832
-0.007832
-0.007832
-0.007832
-0.007839
-0.007839
-0.007839
-0.007842
-0.007842
-0.007842
-0.007842
-0.007846
-0.007852
-0.007852
-0.007852
-0.007852
-0.007856
-0.007856
-0.007859
-0.007863
-0.007859
-0.007866
-0.007866
-0.007866
-0.007870
-0.007870
-0.007873
-0.007873
-0.007880
-0.007887
-0.007887
-0.007887
-0.007887
-0.007887
-0.007887
-0.007887
-0.007890
-0.007890
-0.007893
-0.007893
-0.007897
-0.007897
-0.007897
-0.007900
-0.007907
-0.007907
-0.007907
-0.007907
-0.007907
-0.007910
-0.007914
-0.007914
-0.007914
-0.007920
-0.007920
-0.007924
-0.007924
-0.007924
-0.007927
-0.007927
-0.007934
-0.007941
-0.007941
-0.007941
-0.007941
-0.007941
-0.007941
-0.007941
-0.007948
-0.007948
-0.007944
-0.007948
-0.007951
-0.007951
-0.007954
-0.007957
-0.007961
-0.007961
-0.007961
-0.007964
-0.007968
-0.007964
-0.007968
-0.007968
-0.007975
-0.007975
-0.007975
-0.007975
-0.007975
-0.007978
-0.007982
-0.007985
-0.007988
-0.007995
-0.007995
-0.007995
-0.007995
-0.007995
-0.007995
-0.007995
-0.007995
-0.008002
-0.008002
-0.008002
-0.008006
-0.008002
-0.008006
-0.008008
-0.008015
-0.008015
-0.008015
-0.008019
-0.008019
-0.008022
-0.008022
-0.008025
-0.008029
-0.008029
-0.008029
-0.008033
-0.008033
-0.008033
-0.008033
-0.008036
-0.008049
-0.008049
-0.008049
-0.008049
-0.008049
-0.008049
-0.008053
-0.008056
-0.008056
-0.008056
-0.008056
-0.008056
-0.008060
-0.008060
-0.008063
-0.008063
-0.008063
-0.008065
-0.008065
-0.008062
-0.008065
-0.008062
-0.008058
-0.008058
-0.008052
-0.008052
-0.008052
-0.008052
-0.008049
-0.008049
-0.008045
-0.008045
-0.008042
-0.008031
-0.008031
-0.008031
-0.008031
-0.008031
-0.008031
-0.008031
-0.008025
-0.008025
-0.008028
-0.008025
-0.008021
-0.008021
-0.008021
-0.008018
-0.008011
-0.008011
-0.008011
-0.008011
-0.008008
-0.008005
-0.008005
-0.007998
-0.007998
-0.007998
-0.007998
-0.007998
-0.007994
-0.007994
-0.007991
-0.007994
-0.007978
-0.007978
-0.007978
-0.007978
-0.007978
-0.007978
-0.007978
-0.007978
-0.007971
-0.007971
-0.007971
-0.007971
-0.007968
-0.007968
-0.007964
-0.007964
-0.007964
-0.007958
-0.007958
-0.007958
-0.007954
-0.007951
-0.007951
-0.007951
-0.007944
-0.007944
-0.007944
-0.007944
-0.007941
-0.007941
-0.007937
-0.007934
-0.007931
-0.007924
-0.007924
-0.007924
-0.007924
-0.007924
-0.007924
-0.007924
-0.007921
-0.007917
-0.007917
-0.007917
-0.007914
-0.007914
-0.007911
-0.007907
-0.007904
-0.007904
-0.007907
-0.007904
-0.007900
-0.007897
-0.007897
-0.007897
-0.007897
-0.007890
-0.007890
-0.007887
-0.007887
-0.007887
-0.007887
-0.007884
-0.007877
-0.007877
-0.007870
-0.007870
-0.007870
-0.007870
-0.007870
-0.007864
-0.007864
-0.007864
-0.007864
-0.007864
-0.007864
-0.007860
-0.007857
-0.007857
-0.007850
-0.007850
-0.007850
-0.007850
-0.007846
-0.007846
-0.007843
-0.007846
-0.007840
-0.007836
-0.007836
-0.007833
-0.007833
-0.007830
-0.007833
-0.007830
-0.007817
-0.007817
-0.007817
-0.007817
-0.007817
-0.007817
-0.007817
-0.007817
-0.007810
-0.007810
-0.007810
-0.007806
-0.007806
-0.007806
-0.007803
-0.007803
-0.007796
-0.007796
-0.007796
-0.007796
-0.007793
-0.007790
-0.007790
-0.007790
-0.007783
-0.007783
-0.007783
-0.007780
-0.007780
-0.007780
-0.007780
-0.007769
-0.007769
-0.007762
-0.007762
-0.007762
-0.007762
-0.007762
-0.007762
-0.007759
-0.007756
-0.007756
-0.007756
-0.007753
-0.007753
-0.007753
-0.007753
-0.007749
-0.007749
-0.007743
-0.007743
-0.007743
-0.007736
-0.007736
-0.007736
-0.007736
-0.007729
-0.007729
-0.007729
-0.007729
-0.007726
-0.007726
-0.007722
-0.007715
-0.007709
-0.007709
-0.007709
-0.007709
-0.007709
-0.007709
-0.007709
-0.007709
-0.007706
-0.007701
-0.007701
-0.007701
-0.007695
-0.007689
-0.007695
-0.007677
-0.007683
-0.007677
-0.007677
-0.007677
-0.007671
-0.007665
-0.007665
-0.007658
-0.007653
-0.007653
-0.007653
-0.007646
-0.007646
-0.007646
-0.007641
-0.007641
-0.007628
-0.007616
-0.007616
-0.007616
-0.007616
-0.007616
-0.007616
-0.007616
-0.007610
-0.007604
-0.007604
-0.007604
-0.007598
-0.007592
-0.007592
-0.007592
-0.007580
-0.007580
-0.007580
-0.007580
-0.007580
-0.007568
-0.007568
-0.007568
-0.007556
-0.007556
-0.007556
-0.007556
-0.007550
-0.007550
-0.007543
-0.007531
-0.007531
-0.007519
-0.007519
-0.007519
-0.007519
-0.007519
-0.007519
-0.007519
-0.007513
-0.007507
-0.007507
-0.007507
-0.007501
-0.007501
-0.007495
-0.007495
-0.007483
-0.007483
-0.007483
-0.007483
-0.007477
-0.007470
-0.007470
-0.007470
-0.007458
-0.007458
-0.007458
-0.007452
-0.007452
-0.007452
-0.007446
-0.007446
-0.007422
-0.007422
-0.007422
-0.007422
-0.007422
-0.007422
-0.007422
-0.007422
-0.007410
-0.007410
-0.007410
-0.007410
-0.007404
-0.007404
-0.007397
-0.007397
-0.007385
-0.007385
-0.007385
-0.007380
-0.007380
-0.007373
-0.007373
-0.007373
-0.007373
-0.007361
-0.007361
-0.007361
-0.007355
-0.007355
-0.007349
-0.007349
-0.007325
-0.007325
-0.007325
-0.007325
-0.007325
-0.007325
-0.007325
-0.007313
-0.007319
-0.007313
-0.007313
-0.007307
-0.007307
-0.007307
-0.007300
-0.007300
-0.007300
-0.007288
-0.007288
-0.007288
-0.007282
-0.007282
-0.007276
-0.007276
-0.007264
-0.007264
-0.007264
-0.007264
-0.007258
-0.007252
-0.007252
-0.007252
-0.007228
-0.007228
-0.007228
-0.007228
-0.007228
-0.007228
-0.007228
-0.007215
-0.007215
-0.007215
-0.007215
-0.007215
-0.007215
-0.007210
-0.007210
-0.007198
-0.007191
-0.007191
-0.007191
-0.007191
-0.007185
-0.007179
-0.007179
-0.007179
-0.007167
-0.007167
-0.007167
-0.007167
-0.007161
-0.007161
-0.007161
-0.007161
-0.007155
-0.007131
-0.007131
-0.007131
-0.007131
-0.007131
-0.007131
-0.007125
-0.007118
-0.007118
-0.007118
-0.007112
-0.007112
-0.007112
-0.007106
-0.007106
-0.007094
-0.007094
-0.007094
-0.007088
-0.007088
-0.007082
-0.007082
-0.007082
-0.007070
-0.007070
-0.007070
-0.007070
-0.007070
-0.007064
-0.007064
-0.007058
-0.007045
-0.007034
-0.007034
-0.007034
-0.007034
-0.007034
-0.007034
-0.007034
-0.007028
-0.007021
-0.007021
-0.007021
-0.007015
-0.007015
-0.007015
-0.007009
-0.006997
-0.006997
-0.006997
-0.006997
-0.006991
-0.006985
-0.006985
-0.006973
-0.006973
-0.006973
-0.006973
-0.006973
-0.006967
-0.006967
-0.006961
-0.006961
-0.006936
-0.006948
-0.006936
-0.006936
-0.006936
-0.006936
-0.006936
-0.006930
-0.006924
-0.006924
-0.006924
-0.006924
-0.006924
-0.006918
-0.006918
-0.006900
-0.006900
-0.006900
-0.006900
-0.006900
-0.006894
-0.006894
-0.006876
-0.006888
-0.006876
-0.006876
-0.006876
-0.006870
-0.006870
-0.006870
-0.006870
-0.006864
-0.006851
-0.006840
-0.006840
-0.006840
-0.006840
-0.006840
-0.006840
-0.006840
-0.006827
-0.006827
-0.006827
-0.006827
-0.006827
-0.006821
-0.006815
-0.006803
-0.006803
-0.006803
-0.006803
-0.006797
-0.006803
-0.006791
-0.006791
-0.006791
-0.006779
-0.006779
-0.006779
-0.006779
-0.006779
-0.006773
-0.006766
-0.006766
-0.006755
-0.006742
-0.006755
-0.006742
-0.006742
-0.006742
-0.006742
-0.006742
-0.006742
-0.006730
-0.006730
-0.006730
-0.006724
-0.006724
-0.006724
-0.006718
-0.006706
-0.006706
-0.006706
-0.006706
-0.006706
-0.006694
-0.006694
-0.006682
-0.006682
-0.006682
-0.006682
-0.006682
-0.006675
-0.006675
-0.006670
-0.006670
-0.006658
-0.006645
-0.006645
-0.006645
-0.006645
-0.006645
-0.006645
-0.006645
-0.006633
-0.006633
-0.006633
-0.006633
-0.006627
-0.006627
-0.006621
-0.006615
-0.006609
-0.006609
-0.006609
-0.006609
-0.006603
-0.006596
-0.006596
-0.006584
-0.006584
-0.006584
-0.006584
-0.006584
-0.006584
-0.006579
-0.006573
-0.006573
-0.006560
-0.006548
-0.006548
-0.006548
-0.006548
-0.006548
-0.006548
-0.006548
-0.006548
-0.006536
-0.006536
-0.006536
-0.006530
-0.006530
-0.006530
-0.006524
-0.006511
-0.006511
-0.006511
-0.006511
-0.006511
-0.006505
-0.006499
-0.006499
-0.006487
-0.006487
-0.006487
-0.006487
-0.006481
-0.006475
-0.006475
-0.006475
-0.006475
-0.006463
-0.006451
-0.006451
-0.006451
-0.006451
-0.006451
-0.006451
-0.006439
-0.006439
-0.006439
-0.006439
-0.006433
-0.006439
-0.006433
-0.006414
-0.006427
-0.006414
-0.006414
-0.006414
-0.006408
-0.006403
-0.006403
-0.006403
-0.006390
-0.006390
-0.006390
-0.006390
-0.006384
-0.006384
-0.006384
-0.006378
-0.006366
-0.006366
-0.006354
-0.006354
-0.006354
-0.006354
-0.006354
-0.006354
-0.006354
-0.006342
-0.006342
-0.006342
-0.006335
-0.006335
-0.006335
-0.006335
-0.006330
-0.006317
-0.006317
-0.006317
-0.006311
-0.006311
-0.006311
-0.006305
-0.006305
-0.006293
-0.006293
-0.006293
-0.006293
-0.006287
-0.006287
-0.006281
-0.006269
-0.006269
-0.006257
-0.006257
-0.006257
-0.006257
-0.006257
-0.006257
-0.006257
-0.006245
-0.006245
-0.006245
-0.006245
-0.006245
-0.006238
-0.006232
-0.006232
-0.006220
-0.006220
-0.006220
-0.006220
-0.006214
-0.006208
-0.006208
-0.006196
-0.006196
-0.006196
-0.006196
-0.006190
-0.006190
-0.006190
-0.006184
-0.006178
-0.006172
-0.006159
-0.006159
-0.006159
-0.006159
-0.006159
-0.006159
-0.006159
-0.006154
-0.006147
-0.006147
-0.006141
-0.006141
-0.006141
-0.006135
-0.006135
-0.006123
-0.006123
-0.006117
