-0.004465
-0.004465
-0.004465
-0.004465
-0.004565
-0.004565
-0.004665
-0.004665
-0.004865
-0.004865
-0.004865
-0.004865
-0.004965
-0.004965
-0.005065
-0.005065
-0.005165
-0.001129
-0.001129
-0.001129
-0.001229
-0.001229
-0.001329
-0.001429
-0.001529
-0.001529
-0.001529
-0.001729
-0.001729
-0.001729
-0.001729
-0.001729
-0.001929
-0.001829
-0.001929
-0.001929
-0.002029
-0.002029
-0.002129
-0.002129
-0.002229
-0.002329
-0.002329
-0.002429
-0.002529
-0.002529
-0.002529
-0.002629
-0.002629
-0.002729
-0.002829
-0.002829
-0.002829
-0.002829
-0.002929
-0.002929
-0.003029
-0.003129
-0.003129
-0.003329
-0.003329
-0.003329
-0.003329
-0.003329
-0.003529
-0.003529
-0.003529
-0.003529
-0.003629
-0.003629
-0.003729
-0.003729
-0.003829
-0.003929
-0.003929
-0.004029
-0.004029
-0.004129
-0.004129
-0.004129
-0.001045
-0.001045
-0.001045
-0.001045
-0.001045
-0.001145
-0.001145
-0.001345
-0.001345
-0.001445
-0.001445
-0.001645
-0.001645
-0.001645
-0.001645
-0.001645
-0.001645
-0.001845
-0.001845
-0.001845
-0.001945
-0.002045
-0.002045
-0.002145
-0.002145
-0.002245
-0.002245
-0.002345
-0.002345
-0.002445
-0.002445
-0.002445
-0.002545
-0.002645
-0.002645
-0.002645
-0.002745
-0.002745
-0.002845
-0.002845
-0.002845
-0.003045
-0.003045
-0.003145
-0.003245
-0.003245
-0.003245
-0.003245
-0.003345
-0.003445
-0.003445
-0.003545
-0.003545
-0.003545
-0.003545
-0.003745
-0.003745
-0.003845
-0.003845
-0.003845
-0.000326
-0.000326
-0.000326
-0.000326
-0.000526
-0.000526
-0.000526
-0.000626
-0.000626
-0.000626
-0.000726
-0.000826
-0.000826
-0.000926
-0.000926
-0.000926
-0.001126
-0.001126
-0.001126
-0.001126
-0.001226
-0.001226
-0.001326
-0.001426
-0.001426
-0.001426
-0.001526
-0.001526
-0.001626
-0.001726
-0.001726
-0.001726
-0.001826
-0.001826
-0.001926
-0.001926
-0.002126
-0.002026
-0.002126
-0.002126
-0.002226
-0.002226
-0.002326
-0.002326
-0.002426
-0.002526
-0.002526
-0.002726
-0.002726
-0.002726
-0.002726
-0.002826
-0.002826
-0.002926
-0.002926
-0.002926
-0.003026
-0.003026
-0.003026
-0.003126
-0.003226
-0.003326
0.000397
-0.003326
0.000397
0.000297
0.000297
0.000297
0.000097
0.000097
0.000097
0.000097
-0.000003
-0.000003
-0.000103
-0.000103
-0.000303
-0.000303
-0.000303
-0.000503
-0.000503
-0.000503
-0.000503
-0.000503
-0.000603
-0.000703
-0.000703
-0.000703
-0.000703
-0.000803
-0.000803
-0.000903
-0.001003
-0.001003
-0.001103
-0.001103
-0.001103
-0.001303
-0.001303
-0.001303
-0.001403
-0.001503
-0.001503
-0.001503
-0.001603
-0.001703
-0.001703
-0.001603
-0.001703
-0.001803
-0.001903
-0.001903
-0.002103
-0.002103
-0.002103
-0.002103
-0.002103
-0.002303
-0.002203
-0.002303
-0.002303
-0.002303
-0.002403
-0.002503
-0.002503
-0.002603
0.000385
0.000385
0.000285
0.000285
0.000185
0.000185
-0.000015
-0.000015
0.000085
-0.000015
-0.000015
-0.000115
-0.000115
-0.000215
-0.000215
-0.000215
-0.000415
-0.000415
-0.000615
-0.000615
-0.000615
-0.000615
-0.000615
-0.000815
-0.000815
-0.000815
-0.000915
-0.000815
-0.001015
-0.000915
-0.001115
-0.001115
-0.001215
-0.001215
-0.001315
-0.001315
-0.001415
-0.001415
-0.001415
-0.001615
-0.001615
-0.001615
-0.001715
-0.001715
-0.001715
-0.001815
-0.001815
-0.002015
-0.002015
-0.002215
-0.002215
-0.002215
-0.002215
-0.002215
-0.002215
-0.002315
-0.002415
-0.002415
-0.002415
0.000078
0.000078
-0.000022
-0.000022
-0.000122
-0.000222
-0.000322
-0.000222
-0.000322
-0.000422
-0.000422
-0.000422
-0.000622
-0.000622
-0.000622
-0.000722
-0.000722
-0.000822
-0.000822
-0.000922
-0.000922
-0.001022
-0.001022
-0.001222
-0.001222
-0.001222
-0.001222
-0.001322
-0.001422
-0.001322
-0.001422
-0.001522
-0.001522
-0.001522
-0.001622
-0.001622
-0.001722
-0.001822
-0.001822
-0.001822
-0.001922
-0.002022
-0.002022
-0.002022
-0.002222
-0.002222
-0.002222
-0.002222
-0.002322
-0.002322
-0.002422
-0.002422
-0.002522
-0.002622
-0.002622
-0.002822
-0.002822
-0.002822
-0.002822
-0.002822
-0.000056
-0.002922
-0.000056
-0.000156
-0.000156
-0.000156
-0.000256
-0.000256
-0.000456
-0.000456
-0.000456
-0.000456
-0.000556
-0.000656
-0.000656
-0.000656
-0.000856
-0.000856
-0.000856
-0.000956
-0.000956
-0.000956
-0.001056
-0.001056
-0.001156
-0.001256
-0.001256
-0.001456
-0.001456
-0.001456
-0.001456
-0.001456
-0.001656
-0.001656
-0.001656
-0.001756
-0.001756
-0.001756
-0.001856
-0.001856
-0.001956
-0.002056
-0.002056
-0.002156
-0.002156
-0.002256
-0.002256
-0.002256
-0.002356
-0.002456
-0.002456
-0.002456
-0.002556
-0.002556
-0.002556
-0.002856
-0.002756
-0.002756
-0.002856
-0.003056
-0.003056
-0.003056
-0.003056
-0.003056
-0.003056
-0.003156
0.000790
0.000790
0.000690
0.000590
0.000590
0.000590
0.000490
0.000490
0.000390
0.000390
0.000290
0.000290
0.000190
0.000190
0.000090
-0.000010
-0.000010
-0.000110
-0.000110
-0.000110
-0.000110
-0.000210
-0.000210
-0.000410
-0.000310
-0.000410
-0.000610
-0.000610
-0.000610
-0.000610
-0.000710
-0.000810
-0.000810
-0.000810
-0.000910
-0.000910
-0.001010
-0.001010
-0.001110
-0.001210
-0.001210
-0.001210
-0.001310
-0.001310
-0.001410
-0.001410
-0.001510
-0.001610
-0.001610
-0.001710
-0.001710
-0.001710
-0.001810
-0.001810
-0.001910
-0.002010
-0.002010
-0.002010
-0.002210
-0.002210
-0.002210
-0.002210
-0.002310
-0.002410
-0.002410
0.003201
0.003201
0.003101
0.003101
0.003001
0.003001
0.002901
0.002901
0.002801
0.002801
0.002701
0.002701
0.002701
0.002501
0.002501
0.002501
0.002401
0.002401
0.002401
0.002301
0.002301
0.002201
0.002201
0.002101
0.001901
0.001901
0.001901
0.001901
0.001901
0.001801
0.001701
0.001601
0.001701
0.001601
0.001601
0.001501
0.001501
0.001501
0.001301
0.001301
0.001301
0.001201
0.001101
0.001101
0.001001
0.001001
0.000901
0.000901
0.000901
0.000801
0.000801
0.000701
0.000701
0.000601
0.000501
0.000501
0.000301
0.000301
0.000301
0.000301
0.000201
0.000201
0.000201
0.002588
0.002488
0.002488
0.002488
0.002488
0.002388
0.002188
0.002188
0.002188
0.002188
0.002088
0.001988
0.001988
0.001988
0.001888
0.001888
0.001788
0.001788
0.001688
0.001688
0.001588
0.001488
0.001488
0.001388
0.001388
0.001388
0.001188
0.001188
0.001188
0.001188
0.001088
0.000988
0.000988
0.000988
0.000888
0.000788
0.000788
0.000788
0.000688
0.000588
0.000588
0.000488
0.000488
0.000488
0.000388
0.000388
0.000288
0.000188
0.000188
0.000188
0.000088
0.000088
-0.000012
-0.000012
-0.000212
-0.000112
-0.000212
-0.000412
-0.000412
-0.000412
-0.000412
-0.000412
-0.000512
-0.000512
0.003132
0.003132
0.003032
0.003032
0.002932
0.002932
0.002832
0.002732
0.002732
0.002732
0.002732
0.002632
0.002532
0.002432
0.002432
0.002432
0.002332
0.002332
0.002232
0.002232
0.002132
0.002132
0.002132
0.001932
0.001932
0.001932
0.001732
0.001732
0.001732
0.001732
0.001632
0.001632
0.001532
0.001532
0.001432
0.001432
0.001332
0.001332
0.001132
0.001132
0.001132
0.001132
0.001032
0.000932
0.001032
0.000932
0.000932
0.000732
0.000732
0.000732
0.000632
0.000632
0.000532
0.000532
0.000432
0.000432
0.000332
0.000332
0.000132
0.000132
0.000132
0.000132
0.002882
0.002782
0.002782
0.002782
0.002682
0.002682
0.002582
0.002482
0.002482
0.002382
0.002382
0.002382
0.002282
0.002182
0.002182
0.002182
0.001982
0.001982
0.001982
0.001982
0.001882
0.001882
0.001782
0.001782
0.001682
0.001582
0.001582
0.001582
0.001382
0.001382
0.001382
0.001282
0.001282
0.001182
0.001182
0.001182
0.001082
0.000982
0.000982
0.000882
0.000882
0.000782
0.000782
0.000682
0.000682
0.000582
0.000582
0.000482
0.000482
0.000382
0.000382
0.000282
0.000282
0.000282
0.000182
0.000082
0.000082
-0.000018
-0.000018
-0.000218
-0.000218
-0.000218
-0.000218
-0.000218
0.002889
0.002789
0.002789
0.002689
0.002789
0.002689
0.002589
0.002589
0.002389
0.002389
0.002389
0.002289
0.002289
0.002289
0.002189
0.002089
0.002089
0.001989
0.001989
0.001989
0.001889
0.001889
0.001889
0.001789
0.001689
0.001589
0.001589
0.001589
0.001389
0.001389
0.001389
0.001389
0.001289
0.001289
0.001189
0.001089
0.001089
0.001089
0.001089
0.000989
0.000889
0.000789
0.000789
0.000789
0.000689
0.000589
0.000589
0.000489
0.000489
0.000389
0.000389
0.000389
0.000289
0.000189
0.000289
0.000089
0.000089
-0.000011
-0.000011
0.002901
0.002901
0.002901
0.002901
0.002901
0.002801
0.002701
0.002701
0.002701
0.002601
0.002601
0.002501
0.002501
0.002501
0.002301
0.002301
0.002201
0.002101
0.002201
0.002101
0.002101
0.002001
0.001901
0.001901
0.001901
0.001801
0.001701
0.001801
0.001701
0.001701
0.001501
0.001501
0.001301
0.001301
0.001301
0.001301
0.001301
0.001101
0.001101
0.001101
0.001001
0.001001
0.001001
0.000901
0.000901
0.000701
0.000801
0.000701
0.000701
0.000601
0.000501
0.000501
0.000501
0.000301
0.000301
0.000301
0.000301
0.000201
0.000201
0.000101
0.000101
0.000001
0.003533
0.003533
0.003533
0.003333
0.003333
0.003333
0.003233
0.003233
0.003133
0.003133
0.003033
0.003033
0.002933
0.002933
0.002933
0.002833
0.002733
0.002733
0.002633
0.002633
0.002533
0.002533
0.002433
0.002433
0.002433
0.002333
0.002333
0.002233
0.002233
0.002133
0.002133
0.002033
0.001933
0.001933
0.001733
0.001733
0.001733
0.001733
0.001633
0.001633
0.001633
0.001533
0.001533
0.001533
0.001333
0.001333
0.001333
0.001233
0.001133
0.001133
0.001033
0.001133
0.000933
0.000933
0.000933
0.000833
0.000733
0.000733
0.000733
0.000633
0.000533
0.000533
0.000533
0.003001
0.003001
0.003001
0.003001
0.002801
0.002801
0.002801
0.002801
0.002701
0.002701
0.002501
0.002601
0.002501
0.002401
0.002501
0.002401
0.002401
0.002301
0.002201
0.002201
0.002101
0.002101
0.002001
0.002001
0.001901
0.001901
0.001801
0.001801
0.001701
0.001701
0.001701
0.001601
0.001501
0.001501
0.001401
0.001201
0.001201
0.001201
0.001201
0.001201
0.001101
0.001001
0.001001
0.000901
0.000901
0.000901
0.000801
0.000801
0.000701
0.000601
0.000701
0.000601
0.000501
0.000401
0.000401
0.000401
0.000201
0.000201
0.000201
0.000201
0.003331
0.003331
0.003231
0.003131
0.003131
0.003031
0.003031
0.003031
0.002831
0.002831
0.002831
0.002831
0.002731
0.002731
0.002631
0.002531
0.002531
0.002531
0.002431
0.002431
0.002231
0.002231
0.002231
0.002231
0.002031
0.002131
0.002031
0.002031
0.001831
0.001831
0.001831
0.001831
0.001731
0.001731
0.001631
0.001531
0.001531
0.001431
0.001431
0.001231
0.001231
0.001231
0.001231
0.001131
0.001131
0.001131
0.001031
0.001031
0.000931
0.000931
0.000831
0.000831
0.000731
0.000631
0.000631
0.000531
0.000531
0.000431
0.000431
0.000331
0.000431
0.000231
0.000231
0.000231
0.003042
0.003042
0.002942
0.002942
0.002842
0.002742
0.002742
0.002542
0.002542
0.002542
0.002542
0.002542
0.002442
0.002342
0.002342
0.002342
0.002242
0.002242
0.002142
0.002142
0.002142
0.001942
0.001942
0.001942
0.001842
0.001842
0.001742
0.001742
0.001642
0.001542
0.001542
0.001542
0.001442
0.001442
0.001442
0.001342
0.001242
0.001142
0.001142
0.001142
0.000942
0.000942
0.000942
0.000942
0.000842
0.000742
0.000742
0.000742
0.000642
0.000642
0.000542
0.000542
0.000342
0.000342
0.000342
0.000342
0.000242
0.000242
0.000142
0.000142
0.002710
0.002610
0.002610
0.002610
0.002510
0.002410
0.002410
0.002310
0.002310
0.002210
0.002210
0.002010
0.002010
0.002010
0.002010
0.002010
0.001910
0.001810
0.001810
0.001810
0.001710
0.001710
0.001610
0.001610
0.001410
0.001510
0.001410
0.001310
0.001410
0.001310
0.001210
0.001210
0.001110
0.001010
0.001010
0.001010
0.000910
0.000910
0.000810
0.000810
0.000710
0.000610
0.000610
0.000410
0.000410
0.000410
0.000410
0.000410
0.000310
0.000210
0.000210
0.000210
0.000110
0.000110
0.000010
0.000010
-0.000090
-0.000190
-0.000190
-0.000290
-0.000290
0.003288
0.003288
0.003288
0.003188
0.003088
0.003088
0.003088
0.002988
0.002988
0.002988
0.002788
0.002688
0.002688
0.002688
0.002488
0.002488
0.002488
0.002488
0.002388
0.002388
0.002288
0.002288
0.002188
0.002288
0.002188
0.002088
0.002088
0.002088
0.001988
0.001888
0.001888
0.001788
0.001788
0.001688
0.001588
0.001588
0.001488
0.001488
0.001488
0.001388
0.001388
0.001388
0.001288
0.001188
0.001088
0.001088
0.000888
0.000888
0.000888
0.000888
0.000788
0.000788
0.000688
0.000688
0.000688
0.000588
0.000588
0.000488
0.000488
0.000388
0.000388
0.003373
0.003373
0.003273
0.003173
0.003173
0.003173
0.003073
0.002973
0.002973
0.002973
0.002873
0.002873
0.002773
0.002673
0.002673
0.002573
0.002573
0.002573
0.002373
0.002373
0.002273
0.002273
0.002373
0.002177
0.002177
0.002177
0.002177
0.002077
0.001977
0.001977
0.001877
0.001777
0.001777
0.001677
0.001777
0.001677
0.001577
0.001577
0.001477
0.001377
0.001377
0.001277
0.001377
0.001277
0.001177
0.001177
0.001077
0.001177
0.000977
0.000977
0.000777
0.000777
0.000777
0.000777
0.000677
0.000677
0.000577
0.000577
0.000477
0.000377
0.000377
0.000377
0.000277
0.002271
0.002271
0.002271
0.002271
0.002071
0.002071
0.002071
0.001971
0.001871
0.001871
0.001871
0.001771
0.001771
0.001671
0.001671
0.001571
0.001571
0.001471
0.001471
0.001271
0.001271
0.001271
0.001271
0.001171
0.001071
0.001071
0.000971
0.000971
0.000971
0.000871
0.000971
0.000771
0.000671
0.000771
0.000671
0.000571
0.000471
0.000471
0.000471
0.000371
0.000371
0.000271
0.000271
0.000171
0.000171
0.000071
0.000071
-0.000029
-0.000029
-0.000129
-0.000329
-0.000329
-0.000329
-0.000329
-0.000329
-0.000529
-0.000429
-0.000529
-0.000529
-0.000529
-0.000629
-0.000729
-0.000729
0.004094
0.003994
0.003994
0.003994
0.003894
0.003794
0.003794
0.003794
0.003694
0.003594
0.003594
0.003594
0.003494
0.003494
0.003394
0.003394
0.003294
0.003294
0.003194
0.003194
0.002994
0.002994
0.002994
0.002994
0.002894
0.002894
0.002794
0.002694
0.002694
0.002694
0.002594
0.002594
0.002494
0.002394
0.002394
0.002294
0.002394
0.002294
0.002194
0.002094
0.002094
0.001994
0.001994
0.001994
0.001994
0.001794
0.001794
0.001794
0.001694
0.001694
0.001594
0.001594
0.001394
0.001394
0.001394
0.001294
0.001294
0.001194
0.001194
0.001194
0.003350
0.003350
0.003250
0.003250
0.003150
0.003050
0.003050
0.003050
0.002950
0.002950
0.002850
0.002850
0.002750
0.002650
0.002650
0.002650
0.002650
0.002550
0.002450
0.002550
0.002350
0.002250
0.002250
0.002250
0.002050
0.002050
0.002050
0.002050
0.001950
0.001950
0.001850
0.001850
0.001750
0.001750
0.001650
0.001550
0.001650
0.001450
0.001450
0.001450
0.001450
0.001250
0.001350
0.001250
0.001050
0.001150
0.001050
0.001050
0.001050
0.000950
0.000950
0.000850
0.000750
0.000650
0.000650
0.000650
0.000450
0.000450
0.000450
0.000450
0.000450
0.000350
0.000250
0.000150
0.000250
0.000150
0.000150
0.002818
0.002818
0.002618
0.002618
0.002618
0.002618
0.002518
0.002418
0.002418
0.002418
0.002318
0.002218
0.002118
0.002118
0.002018
0.002018
0.002018
0.001918
0.001818
0.001818
0.001818
0.001618
0.001618
0.001618
0.001618
0.001518
0.001518
0.001418
0.001418
0.001318
0.001318
0.001318
0.001118
0.001118
0.001018
0.001118
0.001018
0.000918
0.000818
0.000818
0.000818
0.000718
0.000618
0.000618
0.000618
0.000518
0.000518
0.000418
0.000418
0.000318
0.000318
0.000218
0.000218
0.000018
0.000018
0.000018
0.000018
0.000018
-0.000182
-0.000082
-0.000182
-0.000282
-0.000282
-0.000382
-0.000382
-0.000482
0.002341
0.002341
0.002341
0.002241
0.002241
0.002141
0.002141
0.002041
0.001941
0.001941
0.001941
0.001841
0.001841
0.001841
0.001741
0.001641
0.001641
0.001541
0.001341
0.001341
0.001341
0.001341
0.001341
0.001241
0.001141
0.001141
0.001141
0.001141
0.001041
0.000941
0.000941
0.000841
0.000741
0.000741
0.000741
0.000641
0.000741
0.000541
0.000541
0.000441
0.000541
0.000341
0.000341
0.000241
0.000241
0.000141
0.000141
0.000141
0.000041
-0.000059
-0.000059
0.000041
-0.000259
-0.000259
-0.000259
-0.000359
-0.000359
-0.000459
-0.000459
-0.000459
-0.000559
-0.000659
-0.000659
-0.000659
-0.000859
-0.000859
-0.000959
-0.000859
-0.000959
0.002601
0.002601
0.002601
0.002501
0.002401
0.002401
0.002301
0.002301
0.002301
0.002201
0.002201
0.002101
0.002001
0.002001
0.001801
0.001801
0.001801
0.001801
0.001701
0.001601
0.001701
0.001601
0.001601
0.001501
0.001501
0.001401
0.001301
0.001301
0.001201
0.001201
0.001101
0.001101
0.001001
0.001001
0.000901
0.000901
0.000801
0.000801
0.000701
0.000701
0.000601
0.000501
0.000601
0.000501
0.000501
0.000401
0.000201
0.000201
0.000201
0.000201
0.000101
0.000101
0.000001
0.000001
0.000001
-0.000099
-0.000199
-0.000199
-0.000299
-0.000299
-0.000399
-0.000399
-0.000399
-0.000499
-0.000599
-0.000599
-0.000599
-0.000699
-0.000799
-0.000799
-0.000899
-0.000899
-0.000899
0.002344
0.002444
0.002244
0.002244
0.002244
0.002244
0.002044
0.002044
0.002044
0.001944
0.001844
0.001844
0.001844
0.001744
0.001744
0.001644
0.001644
0.001644
0.001544
0.001444
0.001444
0.001444
0.001344
0.001244
0.001244
0.001144
0.001044
0.001044
0.001044
0.001044
0.000944
0.000944
0.000844
0.000844
0.000644
0.000644
0.000644
0.000444
0.000444
0.000444
0.000444
0.000444
0.000344
0.000244
0.000244
0.000144
0.000144
0.000144
0.000044
-0.000056
-0.000156
-0.000156
-0.000256
-0.000256
-0.000256
-0.000356
-0.000356
-0.000456
-0.000456
-0.000456
-0.000556
-0.000556
-0.000656
-0.000656
-0.000756
-0.000856
-0.000856
-0.000956
-0.000956
-0.001156
-0.001156
-0.001156
-0.001156
-0.001156
-0.001356
-0.001356
-0.001356
-0.001356
-0.001456
-0.001556
-0.001556
-0.001656
0.001761
0.001761
0.001761
0.001661
0.001661
0.001561
0.001561
0.001561
0.001361
0.001361
0.001361
0.001261
0.001261
0.001261
0.001161
0.001061
0.000961
0.000961
0.000761
0.000761
0.000761
0.000761
0.000661
0.000661
0.000561
0.000561
0.000561
0.000461
0.000461
0.000361
0.000361
0.000361
0.000261
0.000161
0.000161
0.000061
0.000061
-0.000039
-0.000039
-0.000139
-0.000239
-0.000239
-0.000239
-0.000339
-0.000439
-0.000339
-0.000439
-0.000439
-0.000639
-0.000639
-0.000639
-0.000839
-0.000839
-0.000839
-0.000839
-0.000939
-0.000939
-0.001039
-0.001039
-0.001139
-0.001139
-0.001239
-0.001239
-0.001339
-0.001339
-0.001439
-0.001439
-0.001539
-0.001539
-0.001639
-0.001639
-0.001639
-0.001739
-0.001839
-0.001839
-0.001939
-0.001839
-0.001939
-0.001939
-0.002139
-0.002239
-0.002239
-0.002239
-0.002239
-0.002439
-0.002439
-0.002439
-0.002539
0.000943
0.000943
0.000943
0.000843
0.000843
0.000743
0.000743
0.000643
0.000543
0.000543
0.000543
0.000443
0.000443
0.000343
0.000343
0.000343
0.000243
0.000143
0.000143
0.000143
0.000043
0.000043
-0.000057
-0.000057
-0.000157
-0.000257
-0.000257
-0.000457
-0.000457
-0.000457
-0.000457
-0.000657
-0.000657
-0.000657
-0.000757
-0.000757
-0.000757
-0.000757
-0.000857
-0.000957
-0.000957
-0.001057
-0.001057
-0.001157
-0.001157
-0.001157
-0.001257
-0.001257
-0.001357
-0.001457
-0.001457
-0.001557
-0.001557
-0.001557
-0.001657
-0.001657
-0.001857
-0.001857
-0.001857
-0.002057
-0.002057
-0.002057
-0.002057
-0.002157
-0.002257
-0.002257
-0.002257
-0.002357
-0.002357
-0.002357
-0.002457
-0.002557
-0.002557
-0.002657
-0.002657
-0.002757
-0.002757
-0.002857
-0.002857
-0.002857
-0.003057
-0.003057
-0.003057
-0.003157
-0.003157
-0.003257
0.000715
0.000715
0.000715
0.000615
0.000415
0.000415
0.000415
0.000415
0.000415
0.000415
0.000215
0.000215
0.000215
0.000115
0.000115
0.000015
0.000015
-0.000085
-0.000185
-0.000185
-0.000185
-0.000285
-0.000285
-0.000285
-0.000385
-0.000385
-0.000485
-0.000585
-0.000585
-0.000585
-0.000685
-0.000785
-0.000785
-0.000885
-0.000985
-0.000985
-0.000985
-0.001185
-0.001185
-0.001185
-0.001285
-0.001185
-0.001285
-0.001385
-0.001385
-0.001485
-0.001485
-0.001585
-0.001585
-0.001685
-0.001685
-0.001785
-0.001785
-0.001885
-0.001985
-0.001885
-0.001985
-0.002085
-0.002085
-0.002185
-0.002185
-0.002185
-0.002285
-0.002385
-0.002485
-0.002485
-0.002485
-0.002585
-0.002585
-0.002785
-0.002785
-0.002785
-0.002785
-0.002785
-0.002885
-0.002985
-0.002985
-0.003085
-0.003085
-0.003085
-0.003185
-0.003285
-0.003385
-0.003385
-0.003485
-0.003485
-0.003585
-0.003585
-0.003585
-0.003685
-0.003785
-0.003785
-0.003785
-0.003885
-0.003885
-0.003885
-0.003985
-0.000302
-0.000302
-0.000402
-0.000602
-0.000602
-0.000602
-0.000602
-0.000602
-0.000702
-0.000802
-0.000802
-0.000902
-0.000902
-0.000902
-0.001002
-0.001002
-0.001102
-0.001202
-0.001202
-0.001202
-0.001302
-0.001402
-0.001402
-0.001402
-0.001402
-0.001602
-0.001602
-0.001602
-0.001602
-0.001702
-0.001802
-0.001802
-0.001902
-0.002002
-0.002002
-0.002202
-0.002202
-0.002202
-0.002202
-0.002202
-0.002202
-0.002402
-0.002402
-0.002402
-0.002502
-0.002502
-0.002502
-0.002602
-0.002702
-0.002702
-0.002802
-0.002902
-0.002802
-0.002902
-0.003002
-0.003002
-0.003002
-0.003202
-0.003202
-0.003202
-0.003302
-0.003302
-0.003402
-0.003502
-0.003602
-0.003502
-0.003602
-0.003602
-0.003802
-0.003802
-0.003802
-0.003802
-0.003802
-0.004002
-0.004002
-0.004002
-0.004102
-0.004102
-0.004202
-0.004202
-0.004202
-0.004302
-0.004402
-0.004402
-0.004502
-0.004602
-0.004602
-0.004602
-0.004602
-0.004802
-0.004702
-0.004802
-0.001507
-0.001507
-0.001607
-0.001607
-0.001707
-0.001807
-0.001807
-0.001807
-0.002007
-0.002007
-0.002007
-0.002007
-0.002207
-0.002107
-0.002207
-0.002207
-0.002207
-0.002307
-0.002307
-0.002407
-0.002407
-0.002507
-0.002607
-0.002607
-0.002607
-0.002707
-0.002707
-0.002807
-0.002907
-0.002907
-0.003007
-0.003107
-0.003007
-0.003107
-0.003207
-0.003207
-0.003307
-0.003407
-0.003407
-0.003607
-0.003507
-0.003607
-0.003607
-0.003607
-0.003707
-0.003707
-0.003707
-0.003807
-0.003907
-0.003907
-0.004007
-0.004007
-0.004007
-0.004107
-0.004207
-0.004207
-0.004307
-0.004307
-0.004407
-0.004407
-0.004507
-0.004607
-0.004607
-0.004607
-0.004707
-0.004707
-0.004707
-0.004807
-0.004907
-0.005007
-0.005007
-0.005007
-0.005207
-0.005207
-0.005207
-0.005207
-0.005207
-0.005307
-0.005407
-0.005407
-0.005507
-0.005507
-0.005507
-0.005607
-0.005607
-0.005807
-0.005807
-0.005807
-0.005907
-0.005907
-0.006007
-0.006007
-0.006007
-0.001635
-0.001735
-0.001735
-0.001735
-0.001835
-0.001835
-0.001935
-0.001935
-0.002035
-0.002135
-0.002135
-0.002135
-0.002335
-0.002335
-0.002335
-0.002435
-0.002435
-0.002535
-0.002535
-0.002635
-0.002635
-0.002635
-0.002735
-0.002735
-0.002835
