-0.027524
-0.027386
-0.027276
-0.027165
-0.027027
-0.026889
-0.026897
-0.026786
-0.026676
-0.026539
-0.026529
-0.026419
-0.026309
-0.026244
-0.026252
-0.026070
-0.026033
-0.025896
-0.025732
-0.025723
-0.026544
-0.026754
-0.026717
-0.026735
-0.026597
-0.026488
-0.026451
-0.026588
-0.027246
-0.027236
-0.027199
-0.027189
-0.027252
-0.027197
-0.027060
-0.027006
-0.026923
-0.026814
-0.026732
-0.026768
-0.027014
-0.026959
-0.026823
-0.026840
-0.026677
-0.026595
-0.026531
-0.026540
-0.026404
-0.026295
-0.026159
-0.026123
-0.026114
-0.025978
-0.025842
-0.025907
-0.025798
-0.025690
-0.025681
-0.025546
-0.025438
-0.025375
-0.025240
-0.025505
-0.025370
-0.025343
-0.025208
-0.025073
-0.024938
-0.024885
-0.024804
-0.025408
-0.025300
-0.025138
-0.025131
-0.024996
-0.024862
-0.024854
-0.024693
-0.024785
-0.024678
-0.024571
-0.024563
-0.024383
-0.024449
-0.024288
-0.024181
-0.024221
-0.024114
-0.024007
-0.023900
-0.023840
-0.023780
-0.023620
-0.023540
-0.023407
-0.023647
-0.023435
-0.023169
-0.023063
-0.022957
-0.023024
-0.022892
-0.022786
-0.022680
-0.022548
-0.022416
-0.022410
-0.022278
-0.022246
-0.022141
-0.022209
-0.022077
-0.021972
-0.021840
-0.021835
-0.021751
-0.021646
-0.021714
-0.021636
-0.021505
-0.021347
-0.021242
-0.021212
-0.021107
-0.021102
-0.020945
-0.021267
-0.021136
-0.020928
-0.020901
-0.022525
-0.022577
-0.022603
-0.022751
-0.022593
-0.022488
-0.022383
-0.022352
-0.022247
-0.022242
-0.022164
-0.022033
-0.022076
-0.021945
-0.021815
-0.021810
-0.021758
-0.021701
-0.021571
-0.021615
-0.021484
-0.021406
-0.021276
-0.021298
-0.021168
-0.021090
-0.021034
-0.021057
-0.021227
-0.021123
-0.021019
-0.020864
-0.020786
-0.020683
-0.020579
-0.020450
-0.020547
-0.020573
-0.020624
-0.020547
-0.020543
-0.020466
-0.020437
-0.020434
-0.020379
-0.020302
-0.020199
-0.020070
-0.020141
-0.020013
-0.019910
-0.019982
-0.019879
-0.019751
-0.019697
-0.019469
-0.019341
-0.019287
-0.019285
-0.019131
-0.019229
-0.019301
-0.019174
-0.019097
-0.018944
-0.018842
-0.018740
-0.018813
-0.018686
-0.018559
-0.018406
-0.018405
-0.019576
-0.019804
-0.019804
-0.019904
-0.019901
-0.019774
-0.019697
-0.019695
-0.019593
-0.019693
-0.019617
-0.019464
-0.019511
-0.019359
-0.019308
-0.019206
-0.019179
-0.019052
-0.019076
-0.019175
-0.019073
-0.018947
-0.018820
-0.018893
-0.018792
-0.018666
-0.018540
-0.018438
-0.018538
-0.018437
-0.018385
-0.018284
-0.018084
-0.018183
-0.018082
-0.017982
-0.018056
-0.017955
-0.017855
-0.017729
-0.017729
-0.017703
-0.017728
-0.017703
-0.017578
-0.017477
-0.017327
-0.017277
-0.017177
-0.017027
-0.017053
-0.016778
-0.017128
-0.017054
-0.016929
-0.016780
-0.016680
-0.016531
-0.016630
-0.016655
-0.016781
-0.016681
-0.016532
-0.016533
-0.016409
-0.016185
-0.016211
-0.016137
-0.016062
-0.016089
-0.016015
-0.015991
-0.015892
-0.015894
-0.015795
-0.015671
-0.015748
-0.015649
-0.015551
-0.015552
-0.015429
-0.015380
-0.015232
-0.015434
-0.015336
-0.015413
-0.015315
-0.015217
-0.015069
-0.014971
-0.014898
-0.014775
-0.014828
-0.014731
-0.014633
-0.014486
-0.014488
-0.014391
-0.014393
-0.014371
-0.014373
-0.014276
-0.014105
-0.014057
-0.014059
-0.014013
-0.013941
-0.013819
-0.013922
-0.013776
-0.013679
-0.013682
-0.013537
-0.013488
-0.013467
-0.013370
-0.013422
-0.013625
-0.013504
-0.013383
-0.013118
-0.012973
-0.012852
-0.012732
-0.012835
-0.012691
-0.012547
-0.012426
-0.012334
-0.012238
-0.014146
-0.014585
-0.014709
-0.014612
-0.014491
-0.014470
-0.014325
-0.014328
-0.014256
-0.014311
-0.014214
-0.014093
-0.013973
-0.013976
-0.013880
-0.013735
-0.013739
-0.013595
-0.013674
-0.013754
-0.013634
-0.013514
-0.013394
-0.013274
-0.013154
-0.013258
-0.013039
-0.013067
-0.012899
-0.012904
-0.012784
-0.012641
-0.012645
-0.012869
-0.012774
-0.012655
-0.012535
-0.012564
-0.012492
-0.012592
-0.012545
-0.012521
-0.012649
-0.012530
-0.012459
-0.012364
-0.012369
-0.012350
-0.012260
-0.012041
-0.012170
-0.012052
-0.012133
-0.011991
-0.011873
-0.011802
-0.011707
-0.011713
-0.011695
-0.011577
-0.011482
-0.011388
-0.011370
-0.011276
-0.011281
-0.011211
-0.011240
-0.011199
-0.011105
-0.011011
-0.011117
-0.011023
-0.010905
-0.010988
-0.010818
-0.010777
-0.010660
-0.010666
-0.010549
-0.010339
-0.010268
-0.010328
-0.010265
-0.010195
-0.010278
-0.010138
-0.010068
-0.009998
-0.009905
-0.009989
-0.009826
-0.009663
-0.010828
-0.011202
-0.011255
-0.011239
-0.011145
-0.011252
-0.011205
-0.011065
-0.010995
-0.011025
-0.010931
-0.010892
-0.010845
-0.010852
-0.010859
-0.010765
-0.010672
-0.010656
-0.010563
-0.010447
-0.010477
-0.010461
-0.010468
-0.010576
-0.010506
-0.010390
-0.010298
-0.010205
-0.010066
-0.010197
-0.010081
-0.009965
-0.009873
-0.009973
-0.009950
-0.009835
-0.009719
-0.009727
-0.009812
-0.009696
-0.009658
-0.009704
-0.009658
-0.009666
-0.009528
-0.009590
-0.009475
-0.009360
-0.009269
-0.009231
-0.009093
-0.009102
-0.008964
-0.008621
-0.008630
-0.008815
-0.008701
-0.008610
-0.008496
-0.008405
-0.008313
-0.008245
-0.008331
-0.008194
-0.008103
-0.008012
-0.007999
-0.007908
-0.007894
-0.007781
-0.007767
-0.007731
-0.007618
-0.007505
-0.007514
-0.007523
-0.007433
-0.007297
-0.007384
-0.007271
-0.007158
-0.007100
-0.007010
-0.006898
-0.006740
-0.006950
-0.008237
-0.008505
-0.008437
-0.008346
-0.008233
-0.008143
-0.008052
-0.008062
-0.008071
-0.008071
-0.007981
-0.007968
-0.007855
-0.007765
-0.007675
-0.007785
-0.007695
-0.007660
-0.007570
-0.007435
-0.007345
-0.007455
-0.007365
-0.007275
-0.007341
-0.007229
-0.007117
-0.006982
-0.006858
-0.007261
-0.009365
-0.009497
-0.009407
-0.009317
-0.009404
-0.009291
-0.009155
-0.009088
-0.008975
-0.008907
-0.008940
-0.008950
-0.008960
-0.008747
-0.008735
-0.008767
-0.008677
-0.008765
-0.008720
-0.008631
-0.008563
-0.008551
-0.008517
-0.008349
-0.008360
-0.008293
-0.008358
-0.008291
-0.008202
-0.008135
-0.008101
-0.008034
-0.008044
-0.008133
-0.007999
-0.008110
-0.008021
-0.008065
-0.007931
-0.007820
-0.007709
-0.007720
-0.007687
-0.007598
-0.007464
-0.007476
-0.007387
-0.007298
-0.007287
-0.007421
-0.007332
-0.007221
-0.007066
-0.006934
-0.006813
-0.006824
-0.006692
-0.006604
-0.006715
-0.006627
-0.006539
-0.006407
-0.006375
-0.006309
-0.006321
-0.006211
-0.006279
-0.006347
-0.006259
-0.006172
-0.006084
-0.005996
-0.005887
-0.005877
-0.005890
-0.005780
-0.005671
-0.005605
-0.005596
-0.005487
-0.005477
-0.005412
-0.005503
-0.005416
-0.005307
-0.005254
-0.005267
-0.005080
-0.005093
-0.005106
-0.005162
-0.005075
-0.004988
-0.004858
-0.004871
-0.004785
-0.004798
-0.004711
-0.004624
-0.004916
-0.004764
-0.004699
-0.004613
-0.004462
-0.004354
-0.004246
-0.004338
-0.004208
-0.004143
-0.004157
-0.004028
-0.003942
-0.003869
-0.003611
-0.003704
-0.003618
-0.003511
-0.003460
-0.003353
-0.003367
-0.003260
-0.003353
-0.003225
-0.002989
-0.003825
-0.005821
-0.006016
-0.005973
-0.005821
-0.005935
-0.005926
-0.006018
-0.005932
-0.005846
-0.005759
-0.005673
-0.005587
-0.005579
-0.005571
-0.005442
-0.005291
-0.005283
-0.005154
-0.005090
-0.005182
-0.005096
-0.005111
-0.005003
-0.004875
-0.004846
-0.004782
-0.004753
-0.004689
-0.004603
-0.004675
-0.004568
-0.004461
-0.004397
-0.004369
-0.004305
-0.004298
-0.004170
-0.004485
-0.005147
-0.005125
-0.004997
-0.004997
-0.004869
-0.004805
-0.004677
-0.004728
-0.004664
-0.004578
-0.004593
-0.004429
-0.004523
-0.004459
-0.004553
-0.004447
-0.004362
-0.004234
-0.004192
-0.004086
-0.004179
-0.004073
-0.003968
-0.004062
-0.003977
-0.003892
-0.003908
-0.003844
-0.003929
-0.004240
-0.004156
-0.004229
-0.004165
-0.004281
-0.004133
-0.004048
-0.003964
-0.003858
-0.003853
-0.003890
-0.003784
-0.003700
-0.003595
-0.003589
-0.003505
-0.003521
-0.003616
-0.003432
-0.003427
-0.003301
-0.003317
-0.003312
-0.003207
-0.003123
-0.002998
-0.002872
-0.002867
-0.002863
-0.002737
-0.002775
-0.002670
-0.002566
-0.002540
-0.002657
-0.002753
-0.002669
-0.002586
-0.002440
-0.002336
-0.002253
-0.002228
-0.002245
-0.002141
-0.002037
-0.002054
-0.001971
-0.001951
-0.001847
-0.001822
-0.001798
-0.001774
-0.001670
-0.001667
-0.001464
-0.001481
-0.001457
-0.001247
-0.001265
-0.001183
-0.001100
-0.000997
-0.000994
-0.000891
-0.000788
-0.000906
-0.000783
-0.000760
-0.000919
-0.000795
-0.000672
-0.000590
-0.000467
-0.000304
-0.000401
-0.000319
-0.000217
-0.000115
-0.000113
0.000010
0.000012
-0.000086
0.000036
0.000199
0.000301
0.000403
0.000425
0.000486
0.000528
0.000389
0.000671
0.000572
0.000694
0.000716
0.000878
0.000575
-0.000688
-0.001113
-0.001131
-0.001249
-0.001209
-0.001168
-0.001127
-0.001025
-0.001103
-0.000821
-0.000919
-0.000797
-0.000836
-0.000634
-0.000572
-0.000590
-0.000489
-0.000447
-0.000486
-0.000384
-0.000303
-0.000302
-0.000221
-0.000120
-0.000139
-0.000158
-0.000197
-0.000096
0.000025
0.000006
0.000127
0.000248
0.000329
0.000350
0.000471
0.000152
0.000252
0.000353
0.000433
0.000514
0.000614
0.000715
0.000635
0.000736
0.000856
0.000956
0.000977
0.001077
0.001177
0.001177
0.001097
0.001217
0.001317
0.001397
0.001397
0.001397
0.001516
0.001576
0.001676
0.001596
0.001715
0.001815
0.001854
0.001933
0.001913
0.002012
0.002031
0.002031
0.001910
0.002029
0.002128
0.002227
0.002346
0.002425
0.002505
0.002423
0.002502
0.002621
0.002739
0.002738
0.002837
0.002855
0.002714
0.002833
0.002931
0.003030
0.003067
0.003185
0.003284
0.003302
0.003220
0.003337
0.003396
0.003514
0.003532
0.003630
0.003728
0.003686
0.003604
0.003702
0.003541
0.003560
0.003658
0.003853
0.003267
0.002305
0.002148
0.002046
0.002164
0.002282
0.002300
0.002378
0.002477
0.002514
0.002671
0.001607
0.000878
0.000957
0.000975
0.000974
0.001052
0.001171
0.001230
0.001128
0.001246
0.001344
0.001364
0.001343
0.001461
0.001459
0.001537
0.001235
0.001314
0.001392
0.001451
0.001510
0.001588
0.001628
0.001645
0.001662
0.001799
0.002073
0.002070
0.002168
0.002166
0.002224
0.002261
0.002219
0.002316
0.002433
0.002392
0.002389
0.002467
0.002444
0.002642
0.002500
0.002577
0.002674
0.002710
0.002749
0.002846
0.002924
0.002920
0.002837
0.002753
0.002849
0.002927
0.003023
0.003139
0.003217
0.003194
0.003171
0.003287
0.003460
0.003556
0.003591
0.003668
0.003664
0.003722
0.003637
0.003734
0.003810
0.003787
0.003802
0.003994
0.004090
0.003986
0.004062
0.004158
0.004292
0.004349
0.004345
0.004398
0.004455
0.004389
0.004255
0.003137
0.002887
0.002887
0.002964
0.003041
0.003117
0.003094
0.003128
0.003205
0.003301
0.003377
0.003392
0.003430
0.003407
0.003483
0.003498
0.003474
0.003513
0.003589
0.003603
0.003599
0.003694
0.003808
0.003923
0.003837
0.003704
0.003322
0.003203
0.003242
0.003237
0.003113
0.003208
0.003304
0.003218
0.003313
0.003389
0.003560
0.003693
0.003707
0.003721
0.003797
0.003873
0.003967
0.003924
0.003981
0.004076
0.003852
0.003946
0.004041
0.004135
0.004149
0.004362
0.004507
0.004321
0.004434
0.004490
0.004566
0.004660
0.004773
0.004767
0.004861
0.004874
0.004967
0.004661
0.004974
0.004849
0.004943
0.005037
0.005149
0.005224
0.005336
0.005211
0.005286
0.005342
0.005454
0.005410
0.005522
0.005534
0.005590
0.005484
0.005633
0.005745
0.005875
0.005868
0.005861
0.005954
0.005966
0.005940
0.006070
0.006145
0.006219
0.006360
0.006508
0.006520
0.006668
0.006679
0.006453
0.006527
0.006601
0.006711
0.006822
0.006915
0.006925
0.006936
0.007010
0.007139
0.007149
0.007296
0.007352
0.007344
0.007235
0.007346
0.007456
0.007584
0.007639
0.007649
0.007678
0.007688
0.007879
0.007971
0.007917
0.008082
0.008063
0.005648
0.005242
0.005216
0.005134
0.005127
0.004982
0.005075
0.005167
0.005259
0.005333
0.005425
0.005481
0.005454
0.005502
0.005686
0.005796
0.005770
0.005780
0.005891
0.006093
0.006003
0.006113
0.006223
0.006233
0.006324
0.006434
0.006426
0.006417
0.006463
0.006537
0.006573
0.006664
0.006692
0.006702
0.006793
0.006884
0.006793
0.006903
0.006794
0.006885
0.006958
0.007067
0.007176
0.007285
0.007239
0.007248
0.007357
0.007348
0.007556
0.007601
0.007556
0.007628
0.007519
0.007627
0.007718
0.007826
0.007816
0.007825
0.007997
0.008005
0.007913
0.008022
0.008094
0.008238
0.008310
0.008300
0.008326
0.008434
0.008341
0.008231
0.008321
0.008447
0.008536
0.008751
0.008231
0.005948
0.005703
0.005811
0.005938
0.005911
0.006020
0.006110
0.006001
0.006291
0.006081
0.006172
0.006280
0.006271
0.006189
0.006261
0.006369
0.006386
0.006530
0.006638
0.006800
0.006682
0.006772
0.006862
0.006834
0.006923
0.006813
0.006721
0.006775
0.006829
0.006954
0.007044
0.007133
0.007041
0.007130
0.007256
0.007381
0.007370
0.007567
0.006948
0.006087
0.005995
0.006185
0.006157
0.006121
0.006093
0.006164
0.006172
0.006244
0.006315
0.006187
0.006223
0.006295
0.006302
0.006320
0.006366
0.006256
0.006181
0.006406
0.006178
0.006285
0.006320
0.006374
0.006445
0.006481
0.006552
0.006588
0.006352
0.006406
0.006477
0.006448
0.006455
0.006627
0.006598
0.006522
0.006594
0.006700
0.006807
0.006778
0.006784
0.006891
0.006926
0.006744
0.006815
0.006886
0.006975
0.006928
0.007034
0.007005
0.007111
0.007000
0.007106
0.006976
0.007135
0.007224
0.007312
0.007418
0.007506
0.007412
0.007447
0.007535
0.007541
0.007682
0.007770
0.007775
0.007781
0.007786
0.007891
0.007997
0.007949
0.007949
0.007972
0.008130
0.008217
0.008088
0.008193
0.008228
0.008315
0.008302
0.008320
0.008272
0.008395
0.008282
0.008187
0.008309
0.008431
0.008466
0.008536
0.008605
0.008710
0.008579
0.008753
0.008788
0.008126
0.007398
0.007520
0.007542
0.007747
0.007552
0.007622
0.007726
0.007731
0.007836
0.007940
0.007910
0.007914
0.007936
0.008023
0.008110
0.008114
0.008218
0.008240
0.008344
0.008396
0.008283
0.008187
0.008456
0.008516
0.008602
0.008689
0.008793
0.008679
0.008865
0.008852
0.008955
0.008959
0.009062
0.009048
0.009152
0.009038
0.009124
0.009227
0.009313
0.009316
0.009319
0.009388
0.009457
0.009429
0.009480
0.009600
0.009634
0.009737
0.009740
0.009726
0.009828
0.009582
0.009919
0.009821
0.009924
0.009975
0.010078
0.010197
0.010231
0.010316
0.010319
0.010321
0.010440
0.010442
0.010610
0.010578
0.010580
0.010482
0.010533
0.010618
0.010703
0.010787
0.010889
0.010791
0.010893
0.010777
0.010862
0.010963
0.011048
0.011149
0.011185
0.011186
0.011337
0.011138
0.011239
0.011140
0.011225
0.011326
0.011410
0.011494
0.011578
0.011562
0.011546
0.011647
0.011715
0.011832
0.011816
0.011934
0.012017
0.012001
0.011919
0.011986
0.012086
0.012153
0.012153
0.012171
0.012388
0.011048
0.009820
0.009803
0.009820
0.009887
0.009855
0.009939
0.009940
0.009958
0.009810
0.009911
0.010012
0.010096
0.010197
0.010298
0.010415
0.010416
0.010366
0.010450
0.010551
0.010485
0.010552
0.010635
0.010753
0.010636
0.010603
0.010720
0.010821
0.010921
0.010971
0.011088
0.011155
0.011105
0.011038
0.011122
0.011189
0.011288
0.011288
0.011388
0.011305
0.011554
0.011371
0.010255
0.009737
0.009821
0.009888
0.009988
0.010088
0.010088
0.010072
0.010155
0.010289
0.010355
0.010338
0.010438
0.010505
0.010605
0.010504
0.010621
0.010720
0.010787
0.010786
0.010836
0.010952
0.010603
0.009838
0.009088
0.009038
0.009055
0.009155
0.009155
0.009105
0.009188
0.009089
0.009172
0.009072
0.009155
0.009238
0.009355
0.009455
0.009571
0.009571
0.009570
0.009686
0.009819
0.009819
0.009902
0.009984
0.009984
0.009983
0.009966
0.010015
0.010148
0.010114
0.010196
0.010146
0.010163
0.010178
0.010161
0.010260
0.010375
0.010374
0.010473
0.010472
0.010587
0.010469
0.010351
0.010466
0.010548
0.010663
0.010762
0.010860
0.010942
0.010857
0.010939
0.010939
0.010921
0.011019
0.011134
0.011248
0.011181
0.011263
0.011145
0.011243
0.011357
0.011371
0.011502
0.011695
0.011793
0.011890
0.011772
0.011853
0.011869
0.011883
0.012013
0.012075
0.009742
0.008935
0.009033
0.008932
0.009031
0.009162
0.009211
0.009326
0.009424
0.009306
0.009405
0.009536
0.009517
0.009583
0.009681
0.009679
0.009545
0.009626
0.009708
0.009789
0.009904
0.010002
0.009899
0.009997
0.009862
0.009993
0.010139
0.010253
0.010218
0.010299
0.010413
0.010362
0.010475
0.010373
0.010270
0.010367
0.010464
0.010529
0.010594
0.010691
0.010788
0.010869
0.010982
0.010879
0.011105
0.011005
0.011086
0.011167
0.011163
0.011044
0.011157
0.011253
0.011382
0.011363
0.011443
0.011472
0.011484
0.011464
0.011529
0.011593
0.011689
0.011717
0.011781
0.011810
0.011658
0.011938
0.011866
0.011762
0.011874
0.011970
0.012081
0.012193
0.012305
0.012200
0.012280
0.012392
0.012503
0.012483
0.012578
0.012574
0.012685
0.012565
0.012628
0.012708
0.012851
0.012714
0.012825
0.013063
0.012777
0.009205
0.006434
0.006043
0.006124
0.006106
0.006171
0.006136
0.006134
0.005965
0.006230
0.006079
0.006193
0.006290
0.006355
0.006453
0.006469
0.006350
0.006415
0.006513
0.006594
0.006575
0.006640
0.006721
0.006735
0.006632
0.006681
0.006762
0.006859
0.006756
0.006821
0.006950
0.006931
0.007112
0.007008
0.007105
0.007070
0.007183
0.007263
0.007360
0.007341
0.007125
0.007021
0.007318
0.007214
0.007311
0.007359
0.007488
0.007584
0.007577
0.007817
0.007913
0.008026
0.008038
0.008102
0.008098
0.008194
0.008322
0.008185
0.008297
0.008377
0.008505
0.008453
0.008225
0.008137
0.008232
0.008296
0.008392
0.008487
0.008483
0.008542
0.008737
0.008633
0.008744
0.008755
0.008651
0.008730
0.008809
0.008952
0.009079
0.009174
0.009132
0.009211
0.009306
0.009385
0.009480
0.009375
0.009469
0.009380
0.009474
0.009569
0.009632
0.009742
0.009737
0.009816
0.009810
0.009904
0.009799
0.009924
0.010019
0.010113
0.010123
0.010233
0.010327
0.010221
0.010299
0.010093
0.010171
0.010265
0.010359
0.010453
0.010578
0.010572
0.010565
0.010675
0.010799
0.010824
0.010918
0.011027
0.011073
0.011098
0.011007
0.011084
0.011193
0.011286
0.011380
0.011373
0.011366
0.011259
0.011467
0.011445
0.011569
0.011662
0.011770
0.011763
0.011725
0.011787
0.011895
0.011757
0.011649
0.011742
0.011834
0.011958
0.012004
0.012112
0.012104
0.012081
0.012174
0.012151
0.012258
0.012350
0.012327
0.012219
0.012312
0.012373
0.012496
0.012588
0.012564
0.012556
0.012664
0.012288
0.012150
0.012111
0.012218
0.012494
0.009977
0.007252
0.007268
0.007042
0.007021
0.007215
0.006893
0.006971
0.007065
0.007081
0.007128
0.007159
0.006881
0.006975
0.007184
0.007078
0.007125
0.007203
0.007328
0.006965
0.007028
0.007106
0.007059
0.007199
0.007177
0.007155
0.007202
0.007327
0.007220
0.007313
0.007438
0.007578
0.007571
0.007680
0.007773
0.007704
0.007635
0.007643
0.007521
0.007583
0.007629
0.007691
0.007669
0.007815
0.007724
0.007817
0.007925
0.008033
0.008110
0.008180
0.008304
0.008396
0.008189
0.008296
0.008404
0.008435
0.008527
0.008451
0.008512
0.008604
0.008697
0.008643
0.008835
0.008742
0.008804
0.008796
0.008726
0.008903
0.008910
0.008933
0.008633
0.008510
0.008633
0.008694
0.008801
0.008786
0.008778
0.008770
0.008846
0.008922
0.009014
0.009036
0.009143
0.009150
0.009257
0.009346
0.009422
0.009529
0.009635
0.009557
0.009748
0.009785
0.009876
0.009967
0.009828
0.009919
0.010070
0.010061
0.010137
0.010158
0.010264
0.010285
0.009970
0.009864
0.009954
0.010015
0.010106
0.010226
0.010302
0.010207
0.010313
0.010434
0.010554
0.010650
0.010047
0.009110
0.008970
0.008916
0.009022
0.009143
0.009203
0.009133
0.009033
0.009094
0.009085
0.009075
0.009166
0.009257
0.009302
0.009338
0.009383
0.009358
0.009449
0.009324
0.009429
0.009320
0.009380
0.009470
0.009591
0.009681
0.009771
0.009661
0.009751
0.009856
0.009946
0.009906
0.009981
0.010026
0.009846
0.010266
0.010100
0.010235
0.010340
0.010329
0.010434
0.010483
0.010438
0.010343
0.010417
0.010522
0.010626
0.010615
0.010675
0.010679
0.010768
0.010758
0.010517
0.010621
0.010695
0.010784
0.010873
0.011066
0.011140
0.011115
0.011118
0.011207
0.011296
0.011385
0.011373
0.011407
0.011484
0.011502
0.011590
0.011679
0.011882
0.011885
0.011833
0.012095
0.012156
0.010755
0.009918
0.009859
0.009833
0.009922
0.010011
0.010015
0.009903
0.010052
0.009940
0.010044
0.010118
0.010221
0.010354
0.010443
0.010517
0.010505
0.010494
0.010597
0.010685
0.010674
0.010747
0.010880
0.010898
0.010771
0.010874
0.010991
0.011050
0.011082
0.011170
0.011173
0.011261
0.011349
0.011222
0.011325
0.011427
0.011430
0.011459
0.011532
0.011520
0.011363
0.011451
0.011339
0.011441
0.011528
0.011660
0.011747
0.011835
0.011822
0.011809
0.011969
0.012029
0.012073
0.012175
0.012162
0.012176
0.011991
0.012049
0.012151
0.012152
0.012254
0.012340
0.012371
0.012472
0.012545
0.012489
0.012576
0.012692
0.012822
0.012851
0.012924
0.012825
0.012825
0.012712
0.012813
0.012856
0.012942
0.013043
0.013129
0.013187
0.013273
0.013345
0.013231
0.013317
0.013303
0.013390
0.013476
0.013376
0.013362
0.013448
0.013534
0.013634
0.013734
0.013720
0.013706
0.013806
0.013677
0.013777
0.013877
0.013905
0.013777
0.014034
0.014133
0.014219
0.014104
0.014189
0.014103
0.014217
0.014302
0.014416
0.014501
0.014543
0.014628
0.014613
0.014754
0.014924
0.014343
0.012448
0.012520
0.011230
0.010007
0.009993
0.009978
0.009993
0.010050
0.009864
0.009778
0.009850
0.009951
0.009795
0.009896
0.009882
0.009969
0.010041
0.010042
0.009870
0.009957
0.009857
0.009929
0.010001
0.010116
0.010202
0.010303
0.010418
0.010333
0.010419
0.010490
0.010462
0.010534
0.010619
0.010605
0.010677
0.010577
0.010634
0.010677
0.010777
0.010663
0.010649
0.010734
0.010806
0.010677
0.010734
0.010763
0.010805
0.010762
0.010848
0.010833
0.010933
0.011004
0.010704
0.010832
0.010875
0.009248
0.007898
0.007955
0.007956
0.007928
0.008043
0.008101
0.008158
0.008244
0.008216
0.008174
0.008246
0.008132
0.008189
0.008261
0.008261
0.008176
0.008219
0.008290
0.008391
0.008305
0.008391
0.008477
0.008591
0.008663
0.008649
0.008734
0.008863
0.008848
0.008948
0.008991
0.008862
0.008933
0.009019
0.009090
0.009061
0.009060
0.009146
0.009231
0.009316
0.009316
0.009387
0.009500
0.009485
0.009356
0.009469
0.009484
0.009597
0.009596
0.009581
0.009680
0.009565
0.009664
0.009777
0.009890
0.009874
0.009987
0.010015
0.010000
0.010199
0.009983
0.009868
0.009966
0.010051
0.010093
0.010177
0.010276
0.010360
0.010430
0.010328
0.010413
0.010525
0.010467
0.010565
0.010549
0.010619
0.010589
0.010573
0.010629
0.010613
0.010697
0.010653
0.010823
0.010551
0.010621
0.010690
0.010844
0.010872
0.010884
0.010967
0.010951
0.011020
0.010904
0.011002
0.010913
0.011010
0.011052
0.011135
0.011219
0.011288
0.011172
0.011255
0.011380
0.011421
0.011432
0.011502
0.011457
0.011340
0.011423
0.011492
0.011575
0.011672
0.011683
0.011680
0.011680
0.011607
0.011562
0.011632
0.011687
0.011601
0.011670
0.011739
0.011708
0.011790
0.011473
0.011756
0.011838
0.011666
0.011790
0.011900
0.012010
0.012078
0.012033
0.012016
0.012112
0.012208
0.012190
0.012273
0.012255
0.012296
0.012178
0.012247
0.012384
0.012466
0.012520
0.012416
0.012512
0.012494
0.012503
0.012544
0.012653
0.012649
0.012758
0.012840
0.012894
0.012876
0.012785
0.012667
0.012775
0.012857
0.012925
0.013020
0.013102
0.012956
0.013010
0.013119
0.013227
0.013195
0.013277
0.013344
0.013312
0.013407
0.013388
0.013369
0.013477
0.013532
0.013513
0.013621
0.013575
0.013615
0.013510
0.013591
0.013753
0.013860
0.013955
0.013962
0.013957
0.014037
0.013972
0.013972
0.013772
0.013866
0.013920
0.014000
0.014081
0.014002
0.014096
0.014190
0.014270
0.014250
0.014431
0.014411
0.014418
0.014299
0.014406
0.014499
0.014593
0.014713
0.014906
0.014900
0.015006
0.015113
0.014966
0.015059
0.015153
0.015186
0.015053
0.013825
0.013699
0.013765
0.013659
0.013539
0.013593
0.013673
0.013766
0.013886
0.013913
0.013920
0.013973
0.013940
0.013980
0.013480
0.013486
0.013640
0.013706
0.013500
0.013866
0.013646
0.013740
0.013859
0.013826
0.013806
0.013872
0.013965
0.013858
0.013951
0.014031
0.014164
0.014170
0.014316
0.013618
0.012840
0.012906
0.012686
0.012793
0.012859
0.012953
0.013006
0.013112
0.013045
0.013151
0.013231
0.013324
0.013403
0.013396
0.013502
0.013469
0.013348
0.013467
0.013600
0.013679
0.013685
0.013751
0.013730
0.013822
0.013651
0.013332
0.013200
0.013279
0.013345
0.013364
0.013583
0.013634
0.011020
0.009682
0.009536
0.009816
0.009710
0.009831
0.009884
0.009965
0.009945
0.010025
0.009992
0.010086
0.010166
0.010173
0.010213
0.010233
0.010126
0.010193
0.010300
0.010353
0.010433
0.010413
0.010353
0.010346
0.010526
0.010406
0.010486
0.010579
0.010711
0.010691
0.010684
0.010990
0.010896
0.010776
0.010669
0.010788
0.010867
0.011000
0.011079
0.011145
0.011011
0.011104
0.011222
0.011315
0.011381
0.011360
0.011466
0.011366
0.011445
0.011324
0.011390
0.011482
0.011527
0.011592
0.011605
0.011597
0.011503
0.011568
0.011608
0.011713
0.011818
0.011897
0.011875
0.011906
0.011746
0.012037
0.011742
0.011860
0.011965
0.012056
0.012134
0.012226
0.012204
0.012283
0.012287
0.012378
0.012444
0.012461
0.012491
0.012465
0.009652
0.009600
0.009566
0.009671
0.009750
0.009655
0.009734
0.009800
0.009766
0.009945
0.009837
0.009929
0.010021
0.010026
0.010205
0.010197
0.010175
0.010028
0.009946
0.010063
0.010194
0.010260
0.010351
0.010430
0.010508
0.010561
0.010426
0.010543
0.010622
0.010600
0.010704
0.010696
0.010800
0.010895
0.010860
0.010925
0.010878
0.010956
0.010986
0.011051
0.011154
0.011032
0.011123
0.011201
0.011240
0.011318
0.011308
0.011286
0.011238
0.011177
0.011042
0.011158
0.011300
0.011391
0.011455
0.011533
0.011636
0.011514
0.011591
0.011669
0.011759
0.011749
0.011826
0.011978
0.011755
0.011732
0.011797
0.011900
0.012067
0.012057
0.012072
0.012149
0.012278
0.012103
0.012206
0.012309
0.012311
0.012452
0.012567
0.012569
0.012595
0.012421
0.012310
0.012412
0.012502
0.012578
0.012680
0.012744
0.012646
0.012723
0.012912
0.012914
0.012865
0.012979
0.013145
0.013221
0.013197
0.013224
0.013175
0.013289
0.013291
0.013380
0.013394
0.013470
0.013571
0.013536
0.012762
0.011706
0.011655
0.011606
0.011517
0.011506
0.011444
0.011408
0.011285
0.011336
0.011412
0.011514
0.011616
0.011590
0.011159
0.011148
0.011237
0.011339
0.011316
0.011418
0.011494
0.011545
0.011470
0.011423
0.011461
0.011537
0.011727
0.011742
0.011730
0.011819
0.011770
0.011758
0.011822
0.011910
0.011961
0.011924
0.012013
0.012076
0.012216
0.012142
0.012018
0.012094
0.012169
0.012270
0.012346
0.012472
0.012572
0.012548
0.012549
0.012624
0.012599
0.012725
0.012751
0.012788
0.012851
0.012689
0.012789
0.012852
0.012952
0.012940
0.012952
0.013027
0.013152
0.013065
0.013153
0.013190
0.013277
0.013352
0.013352
0.013377
0.013402
0.013376
0.013451
0.013351
0.013426
0.013488
0.013550
0.013649
0.013724
0.013574
0.013673
0.013773
0.013772
0.013921
0.013859
0.011489
0.011276
0.010963
0.010976
0.010988
0.010951
0.010976
0.010951
0.011139
0.011089
0.010952
0.010877
0.010776
0.010752
0.010852
0.010990
0.011090
0.011065
0.011203
0.011115
0.011002
0.011127
0.011190
0.011290
0.011277
0.011289
0.011539
0.009474
0.008744
0.008807
0.008770
0.008846
0.008834
0.008884
0.008972
0.008835
0.008949
0.008899
0.008974
0.009150
0.009038
0.008951
0.009026
0.009114
0.009151
0.009227
0.009327
0.009289
0.009352
0.009352
0.009427
0.009402
0.009190
0.009390
0.009452
0.009502
0.009577
0.009665
0.009552
0.009639
0.009639
0.009752
0.009676
0.009751
0.009689
0.009576
0.009675
0.009950
0.009825
0.009949
0.009899
0.009886
0.009985
0.010097
0.010008
0.010070
0.010145
0.010232
0.010343
0.010293
0.010379
0.010366
0.010228
0.010265
0.010388
0.010176
0.010275
0.010349
0.010436
0.010534
0.010508
0.010458
0.010532
0.010618
0.010729
0.010703
0.010740
0.010726
0.010787
0.010686
0.010797
0.010870
0.010744
0.010818
0.010916
0.011014
0.010912
0.010998
0.011109
0.011182
0.011205
0.011302
0.011400
0.011362
0.011223
0.011133
0.011230
0.011316
0.011487
0.011560
0.011682
0.011743
0.011604
0.011701
0.011774
0.011872
0.011820
0.011893
0.011879
0.011888
0.012122
0.012019
0.012128
0.012225
0.012186
0.012122
0.012243
0.012216
0.012067
0.012080
0.012164
0.012161
0.012331
0.011628
0.010972
0.010799
0.010472
0.010545
0.010630
0.010715
0.010788
0.010885
0.010958
0.010879
0.010976
0.011367
0.011364
0.011437
0.011534
0.011531
0.011515
0.011676
0.011697
0.011642
0.011690
0.011750
0.011735
0.011807
0.011828
0.011996
0.011869
0.011989
0.012061
0.012121
0.012217
0.012214
0.012322
0.012318
0.012202
0.012462
0.012158
0.012230
0.012278
0.012373
0.012457
0.012541
0.012389
0.012485
0.012569
0.012664
0.012648
0.012743
0.012815
0.012799
0.012806
0.012801
0.012897
0.012968
0.013064
0.013047
0.013019
0.013102
0.013197
0.013068
0.013140
0.013259
0.013206
0.013277
0.013349
0.013432
0.013338
0.013298
0.013157
0.013264
0.013358
0.013477
0.013583
0.013678
0.013732
0.013821
0.008358
0.007288
0.007461
0.007397
0.007494
0.007479
0.007340
0.007449
0.007486
0.007583
0.007580
0.007776
0.007661
0.007637
0.007534
0.007631
0.007715
0.007860
0.007957
0.007954
0.008050
0.008011
0.008119
0.008103
0.008064
0.007936
0.008008
0.008056
0.008165
0.008237
0.008221
0.008205
0.008278
0.008274
0.008398
0.008394
0.008358
0.008358
0.008266
0.008214
0.008298
0.008382
0.008454
0.008450
0.008445
0.008541
0.008637
0.008633
0.008616
0.008724
0.008784
0.008755
0.008839
0.008887
0.008882
0.008754
0.008625
0.008697
0.008733
0.008792
0.008888
0.008959
0.009019
0.008914
0.008997
0.009068
0.009063
0.009159
0.009230
0.009349
0.008749
0.008597
0.008680
0.008787
0.008859
0.008830
0.008849
0.008884
0.008743
0.008838
0.008910
0.008933
0.008910
0.009028
0.008987
0.009058
0.009041
0.009136
0.009042
0.008925
0.008996
0.009067
0.009185
0.009268
0.009374
0.009268
0.009292
0.009386
0.009445
0.009451
0.009522
0.009593
0.009575
0.009557
0.009552
0.009646
0.009593
0.009563
0.009634
0.009728
0.009739
0.009621
0.009692
0.009762
0.009821
0.009779
0.009873
0.009967
0.009949
0.009654
0.009678
0.009584
0.009689
0.009759
0.009841
0.009911
0.009982
0.009840
0.009852
0.009945
0.009939
0.010009
0.010102
0.010172
0.010130
0.010023
0.010082
0.010140
0.010210
0.010180
0.010161
0.010242
0.010347
0.010205
0.010333
0.010368
0.010437
0.010419
0.010488
0.010435
0.010504
0.010174
0.010267
0.010313
0.010382
0.010475
0.010521
0.010591
0.010660
0.010587
0.010714
0.010691
0.010738
0.010830
0.010799
0.010768
0.010849
0.010830
0.010822
0.010914
0.010883
0.010953
0.010933
0.010991
0.011083
0.011175
0.011067
0.011136
0.011228
0.011174
0.011265
0.011257
0.011337
0.011418
0.011387
0.011155
0.011270
0.011339
0.011407
0.011487
0.011590
0.011482
0.011562
0.011585
0.011542
0.011599
0.011702
0.011670
0.011550
0.011618
0.011732
0.011983
0.011917
0.011863
0.012031
0.011976
0.012033
0.011913
0.012038
0.012095
0.012117
0.012108
0.012176
0.012145
0.012101
0.011892
0.011983
0.012073
0.012153
0.012243
0.012334
0.012255
0.012039
0.011873
0.011964
0.012021
0.012089
0.012102
0.012136
0.012215
0.012205
0.012207
0.012231
0.012310
0.012389
0.012368
0.012347
0.012426
0.012505
0.012484
0.012485
0.012575
0.012565
0.012678
0.012768
0.012857
0.012892
0.013040
0.008802
0.005987
0.006068
0.006161
0.006265
0.006345
0.005313
0.005290
0.005359
0.005417
0.005410
0.005491
0.005460
0.005576
0.005453
0.005399
0.005480
0.005538
0.005630
0.005668
0.005661
0.005741
0.005822
0.005680
0.005783
0.005864
0.005933
0.005914
0.005894
0.005986
0.005867
0.005736
0.005770
0.005851
0.006000
0.006137
0.006218
0.006287
0.006309
0.006155
0.006270
0.006339
0.006396
0.006376
0.006445
0.006436
0.006470
0.006350
0.006442
0.006602
0.006784
0.006730
0.006721
0.006835
0.006892
0.006772
0.006840
0.006931
0.006999
0.007113
0.007104
0.007195
0.007117
0.006808
0.006876
0.006967
0.007081
0.007149
0.007001
0.007092
0.007083
0.007239
0.007107
0.007175
0.007255
0.007256
0.007483
0.007562
0.007563
0.007409
0.007499
0.007589
0.007668
0.007658
0.007660
0.007739
0.007840
0.007708
0.007865
0.007933
0.008045
0.008013
0.008125
0.008305
0.007845
0.007353
0.007209
0.007299
0.007400
0.007479
0.007557
0.007659
0.007760
0.007683
0.007784
0.007862
0.007963
0.008075
0.008143
0.008032
0.008122
0.008089
0.008101
0.008179
0.008279
0.008246
0.008258
0.008325
0.008436
0.008326
0.008415
0.008482
0.008537
0.008615
0.008604
0.008593
0.008660
0.008749
0.008382
0.008471
0.008560
0.008649
0.008704
0.008782
0.008882
0.008937
0.008815
0.008937
0.009014
0.009003
0.009069
0.009047
0.009124
0.009124
0.009101
0.009200
0.009178
0.009266
0.009254
0.009331
0.009353
0.009253
0.009407
0.009473
0.009550
0.009549
0.009615
0.009625
0.009735
0.009823
0.009511
0.009588
0.009664
0.009752
0.009818
0.009960
0.010059
0.009936
0.009990
0.010078
0.010055
0.010153
0.010219
0.010228
0.010282
0.010359
0.010224
0.010312
0.010310
0.010246
0.010124
0.010057
0.010177
0.010010
0.010086
0.010162
0.010217
0.010326
0.010269
0.010246
0.010322
0.010387
0.010074
0.010139
0.010205
0.010346
0.010422
0.007911
0.007647
0.007339
0.007194
0.007249
0.007182
0.007259
0.007347
0.007324
0.007201
0.007234
0.007322
0.007464
0.007530
0.007618
0.007528
0.007637
0.007758
0.006163
0.005832
0.005942
0.005909
0.005997
0.006019
0.005963
0.005918
0.006149
0.005959
0.006025
0.006091
0.006201
0.006267
0.006377
0.006242
0.006352
0.006396
0.006462
0.006560
0.006637
0.006603
0.006579
0.006678
0.006587
0.006664
0.006740
0.006828
0.006728
0.006639
0.006628
0.006661
0.006548
0.006613
0.006679
0.006677
0.006732
0.006852
0.006895
0.006861
0.006661
0.006526
0.006613
0.006700
0.006754
0.006831
0.006907
0.006794
0.006881
0.007022
0.007087
0.007063
0.007139
0.007226
0.007201
0.007277
0.007164
0.007229
0.007316
0.007370
0.007389
0.007332
0.007408
0.007462
0.007437
0.007445
0.007553
0.007539
0.007680
0.007766
0.007971
0.007062
0.001977
0.001590
0.001657
0.001789
0.001845
0.001944
0.002032
0.002142
0.002053
0.002009
0.002053
0.002119
0.002173
0.002415
0.002525
0.002413
0.002423
0.002467
0.002489
0.002477
0.002531
0.002608
0.002585
0.002562
0.002528
0.002604
0.002670
0.002725
0.002911
0.002798
0.002886
0.002862
0.002650
0.002937
0.002748
0.002868
0.002977
0.003043
0.003152
0.003228
0.003202
0.003300
0.003365
0.003374
0.003439
0.003515
0.003524
0.003522
0.003630
0.003639
0.003704
0.003769
0.003845
0.003742
0.003840
0.003937
0.003824
0.004008
0.003802
0.001223
0.001036
0.001123
0.001068
0.001034
0.000900
0.000744
0.000809
0.000908
0.000929
0.000875
0.000962
0.001071
0.001137
0.001024
0.001112
0.001177
0.001164
0.001252
0.001217
0.001271
0.001191
0.001300
0.001376
0.001374
0.001461
0.001548
0.001535
0.001622
0.001730
0.001628
0.001801
0.000682
-0.000926
-0.000926
-0.000915
-0.000927
-0.000951
-0.001163
-0.001097
-0.001064
-0.000977
-0.000900
-0.000813
-0.000747
-0.000681
-0.000816
-0.000739
-0.000663
-0.000697
-0.000697
-0.000697
-0.000710
-0.000823
-0.000801
-0.000583
-0.000474
-0.000509
-0.000500
-0.000456
-0.000391
-0.000426
-0.000450
-0.000352
-0.000409
-0.000322
-0.000181
-0.000083
-0.000196
-0.000109
-0.000323
-0.000236
-0.000193
-0.000128
-0.000030
0.000089
0.000154
-0.000046
0.000062
0.000126
0.000116
0.000180
0.000167
0.000153
0.000029
0.000115
0.000180
0.000266
0.000352
0.000328
0.000346
0.000432
0.000518
0.000393
0.000479
0.000469
0.000544
0.000541
0.000648
0.000755
0.000720
0.000784
0.000670
0.000555
0.000566
0.000652
0.000727
0.000802
0.000930
0.000816
0.000869
0.000891
0.000844
0.000780
0.000844
0.000840
0.000736
0.000911
0.000928
0.001003
0.000988
0.001074
0.001159
0.001123
0.001140
0.001389
0.001380
0.001465
0.001550
0.001525
0.001610
0.001716
0.000995
0.000365
0.000440
0.000514
0.000621
0.000706
0.000770
0.000855
0.000865
0.000740
0.000803
0.000888
0.000973
0.000905
0.000979
0.000975
0.001170
0.000976
0.001082
0.001135
0.001188
0.001272
0.001136
0.000903
0.000888
0.000936
0.001073
0.001189
0.001232
0.001358
0.001332
0.001327
0.001401
0.001296
0.001170
0.001264
0.001327
0.001433
0.001496
0.001601
0.001664
0.001569
0.001653
0.001737
0.001721
0.001816
0.001889
0.001873
0.001957
0.001841
0.001924
0.002008
0.002175
0.002290
0.002174
0.002247
0.002331
0.002214
0.002298
0.002381
0.002444
0.002427
0.002381
0.001962
0.001910
0.001841
0.001625
0.001698
0.001792
0.001875
0.001959
0.002042
0.002177
0.002344
0.001508
-0.000199
-0.000451
-0.000357
-0.000473
-0.000399
-0.000404
-0.000231
-0.000399
-0.000326
-0.000231
-0.000237
-0.000274
-0.000211
-0.000127
-0.000243
-0.000139
0.000008
0.000023
0.000196
0.000180
0.000243
0.000205
0.000168
0.000183
0.000077
0.000150
0.000244
0.000411
-0.000132
-0.001158
-0.001631
-0.001589
-0.001463
-0.001463
-0.001531
-0.001500
-0.001395
-0.001553
-0.001580
-0.001506
-0.001443
-0.001359
-0.001376
-0.001392
-0.001340
-0.001225
-0.001241
-0.001843
-0.002315
-0.002263
-0.002189
-0.002195
-0.002263
-0.002169
-0.002327
-0.002464
-0.002359
-0.002150
-0.002297
-0.002223
-0.002025
-0.002025
-0.002125
-0.002141
-0.002036
-0.001995
-0.002042
-0.001959
-0.001875
-0.001802
-0.001819
-0.001935
-0.001873
-0.001789
-0.001837
-0.001723
-0.001771
-0.001856
-0.001783
-0.001690
-0.001627
-0.001624
-0.001561
-0.001489
-0.001516
-0.001391
-0.001529
-0.001625
-0.001563
-0.001460
-0.001397
-0.001346
-0.001273
-0.001190
-0.001228
-0.001297
-0.001215
-0.001142
-0.001180
-0.001094
-0.001012
-0.000867
-0.000885
-0.000872
-0.000799
-0.000817
-0.000735
-0.000752
-0.000670
-0.000598
-0.000636
-0.000644
-0.000562
-0.000398
-0.001633
-0.003275
-0.003324
-0.003292
-0.003299
-0.003526
-0.003474
-0.003391
-0.003350
-0.003277
-0.003205
-0.003122
-0.003160
-0.003177
-0.003094
-0.003011
-0.003028
-0.002946
-0.002963
-0.002880
-0.002998
-0.002925
-0.002833
-0.002781
-0.002767
-0.002764
-0.002682
-0.002599
-0.002738
-0.002666
-0.002573
-0.002532
-0.002388
-0.002231
-0.002652
-0.002650
-0.002747
-0.002844
-0.002762
-0.002659
-0.002577
-0.002485
-0.002321
-0.002515
-0.002433
-0.002541
-0.002449
-0.002436
-0.002365
-0.002293
-0.002321
-0.002239
-0.002158
-0.002235
-0.002112
-0.002031
-0.001939
-0.001835
-0.005087
-0.006352
-0.006490
-0.006479
-0.006417
-0.006427
-0.006407
-0.006424
-0.006403
-0.006430
-0.006557
-0.006495
-0.006643
-0.006560
-0.006477
-0.006425
-0.006394
-0.006343
-0.006563
-0.006460
-0.006397
-0.006346
-0.006263
-0.006280
-0.006208
-0.006225
-0.006342
-0.006291
-0.006198
-0.006125
-0.006022
-0.006298
-0.006873
-0.007384
-0.007122
-0.007239
-0.007156
-0.007184
-0.007132
-0.007090
-0.007180
-0.007108
-0.007170
-0.007611
-0.007528
-0.007363
-0.007332
-0.007249
-0.007177
-0.007094
-0.007022
-0.007150
-0.007140
-0.007294
-0.007312
-0.007150
-0.007167
-0.007195
-0.007103
-0.007189
-0.007097
-0.007035
-0.007066
-0.007173
-0.007101
-0.006998
-0.007188
-0.007178
-0.007178
-0.007106
-0.007123
-0.006908
-0.006856
-0.006854
-0.006869
-0.006787
-0.006957
-0.006905
-0.006885
-0.006803
-0.006762
-0.006811
-0.006860
-0.006839
-0.006768
-0.006602
-0.006408
-0.006345
-0.006243
-0.006082
-0.006080
-0.006260
-0.006178
-0.006117
-0.006046
-0.006053
-0.005961
-0.005931
-0.006029
-0.005968
-0.005928
-0.005836
-0.005804
-0.005744
-0.005703
-0.005883
-0.005712
-0.006041
-0.005960
-0.005879
-0.005788
-0.005717
-0.005636
-0.005535
-0.005434
-0.005533
-0.005472
-0.005422
-0.005311
-0.005280
-0.005199
-0.005189
-0.005328
-0.005178
-0.005207
-0.005097
-0.005187
-0.005066
-0.005085
-0.005005
-0.004945
-0.005044
-0.004974
-0.005658
-0.005627
-0.005566
-0.005466
-0.005496
-0.005505
-0.005545
-0.005644
-0.005594
-0.005524
-0.005424
-0.005303
-0.005503
-0.005223
-0.005333
-0.005203
-0.005133
-0.005193
-0.005103
-0.005133
-0.005043
-0.005023
-0.005063
-0.004963
-0.004903
-0.004804
-0.004744
-0.004784
-0.004685
-0.004605
-0.004695
-0.004497
-0.006043
-0.007590
-0.007609
-0.007629
-0.007568
-0.007568
-0.007787
-0.007727
-0.007646
-0.007566
-0.007485
-0.007405
-0.007335
-0.007444
-0.007344
-0.007344
-0.007344
-0.007434
-0.007314
-0.007323
-0.007453
-0.007263
-0.007283
-0.007203
-0.007143
-0.007043
-0.007083
-0.007083
-0.006993
-0.007163
-0.007163
-0.007083
-0.006893
-0.006784
-0.006724
-0.006634
-0.006625
-0.006725
-0.006866
-0.006766
-0.006687
-0.006697
-0.006607
-0.006547
-0.006448
-0.006469
-0.006369
-0.006390
-0.006311
-0.006321
-0.006242
-0.006153
-0.006164
-0.006055
-0.006136
-0.005939
-0.006295
-0.007724
-0.007665
-0.007825
-0.007805
-0.007835
-0.008025
-0.008035
-0.008065
-0.008115
-0.008025
-0.007976
-0.007966
-0.008325
-0.008486
-0.008406
-0.008336
-0.008257
-0.008207
-0.008187
-0.008098
-0.008208
-0.008139
-0.008030
-0.008031
-0.008001
-0.007852
-0.008160
-0.009304
-0.009444
-0.009384
-0.009344
-0.009285
-0.009325
-0.009205
-0.009206
-0.009187
-0.009007
-0.009108
-0.009028
-0.008929
-0.008960
-0.008920
-0.008901
-0.008831
-0.008893
-0.008994
-0.008905
-0.008825
-0.008746
-0.008667
-0.008588
-0.008519
-0.008530
-0.008461
-0.008502
-0.008403
-0.008444
-0.008365
-0.008315
-0.008307
-0.008418
-0.008349
-0.008251
-0.008162
-0.008093
-0.008115
-0.008136
-0.008058
-0.007969
-0.008081
-0.007963
-0.007994
-0.007906
-0.007798
-0.007830
-0.007751
-0.007814
-0.007936
-0.010139
-0.011000
-0.011010
-0.010970
-0.010931
-0.010881
-0.011031
-0.010952
-0.010773
-0.010804
-0.010824
-0.010755
-0.010766
-0.010797
-0.010808
-0.010739
-0.010699
-0.010681
-0.010672
-0.010503
-0.010524
-0.010445
-0.010556
-0.010487
-0.010408
-0.010330
-0.010310
-0.010351
-0.010372
-0.010423
-0.010434
-0.010634
-0.010634
-0.010556
-0.010477
-0.010300
-0.010192
-0.010104
-0.010006
-0.010186
-0.010196
-0.010088
-0.010120
-0.009941
-0.009983
-0.010053
-0.010204
-0.010116
-0.010038
-0.010050
-0.009923
-0.009994
-0.009915
-0.009928
-0.009910
-0.009832
-0.009735
-0.009757
-0.009679
-0.009601
-0.009523
-0.009584
-0.009887
-0.009828
-0.009731
-0.009663
-0.009546
-0.009401
-0.009413
-0.009426
-0.009310
-0.009222
-0.009135
-0.009058
-0.009080
-0.009022
-0.009045
-0.008987
-0.008948
-0.009090
-0.009022
-0.009035
-0.008858
-0.008842
-0.008884
-0.008797
-0.008920
-0.008853
-0.008766
-0.008689
-0.008663
-0.008586
-0.008609
-0.008513
-0.008517
-0.008702
-0.008702
-0.008644
-0.008586
-0.008548
-0.008471
-0.008394
-0.008537
-0.008441
-0.008255
-0.008268
-0.008282
-0.008196
-0.008081
-0.008124
-0.008228
-0.008161
-0.008075
-0.007998
-0.008003
-0.008046
-0.007950
-0.008074
-0.007988
-0.007912
-0.007807
-0.007712
-0.007754
-0.007659
-0.007664
-0.007355
-0.009285
-0.011361
-0.011342
-0.011265
-0.011197
-0.011101
-0.011014
-0.010898
-0.011041
-0.010963
-0.010925
-0.010858
-0.010842
-0.010679
-0.010702
-0.010654
-0.010596
-0.010729
-0.010662
-0.010594
-0.010637
-0.010641
-0.010545
-0.010449
-0.010525
-0.010620
-0.010534
-0.010438
-0.010462
-0.010385
-0.010380
-0.010375
-0.010475
-0.010598
-0.010474
-0.010312
-0.010217
-0.010150
-0.010064
-0.009988
-0.010012
-0.010073
-0.009959
-0.009883
-0.009907
-0.009755
-0.009779
-0.009803
-0.009846
-0.009770
-0.009584
-0.009599
-0.009623
-0.009647
-0.009562
-0.009534
-0.009448
-0.009544
-0.009487
-0.009474
-0.009341
-0.009275
-0.009190
-0.009252
-0.009339
-0.009273
-0.009360
-0.009294
-0.009218
-0.009086
-0.008983
-0.009060
-0.008966
-0.008881
-0.008787
-0.008684
-0.008628
-0.008634
-0.008659
-0.008583
-0.008708
-0.008605
-0.008540
-0.008465
-0.008480
-0.008405
-0.008440
-0.008256
-0.008334
-0.008359
-0.008275
-0.008328
-0.008235
-0.008232
-0.008057
-0.008083
-0.008417
-0.008343
-0.008259
-0.008184
-0.008110
-0.008063
-0.007989
-0.007896
-0.008021
-0.007947
-0.007835
-0.008140
-0.008233
-0.008177
-0.008091
-0.008491
-0.014532
-0.015308
-0.015222
-0.015174
-0.015322
-0.015383
-0.015383
-0.015374
-0.015392
-0.015487
-0.015430
-0.015434
-0.015405
-0.015338
-0.015358
-0.015658
-0.015581
-0.015724
-0.015704
-0.015676
-0.015609
-0.015532
-0.015465
-0.015498
-0.015522
-0.015465
-0.015369
-0.015441
-0.015364
-0.015278
-0.015240
-0.015264
-0.015197
-0.015693
-0.015617
-0.015664
-0.015788
-0.015712
-0.015645
-0.015635
-0.015807
-0.015759
-0.015712
-0.015693
-0.015745
-0.015659
-0.015683
-0.015807
-0.015940
-0.015855
-0.015826
-0.015760
-0.015703
-0.015627
-0.015475
-0.015361
-0.015347
-0.015419
-0.015552
-0.015447
-0.015490
-0.015496
-0.015244
-0.015468
-0.015293
-0.015317
-0.015241
-0.015213
-0.015266
-0.015337
-0.015252
-0.015277
-0.015282
-0.015188
-0.015094
-0.015109
-0.014986
-0.014958
-0.014964
-0.014879
-0.014985
-0.015166
-0.015091
-0.015034
-0.014997
-0.014931
-0.014828
-0.014734
-0.014777
-0.014783
-0.014708
-0.014615
-0.014640
-0.014655
-0.014533
-0.014468
-0.014584
-0.014528
-0.014434
-0.014331
-0.014256
-0.014382
-0.014279
-0.014185
-0.014320
-0.014236
-0.014162
-0.014087
-0.014103
-0.014019
-0.014035
-0.014170
-0.014096
-0.014221
-0.014147
-0.014045
-0.013942
-0.013905
-0.013850
-0.013868
-0.013894
-0.013938
-0.013845
-0.013771
-0.013778
-0.013723
-0.013739
-0.013647
-0.013782
-0.013745
-0.013800
-0.013708
-0.013734
-0.013778
-0.013686
-0.013584
-0.013701
-0.013608
-0.013562
-0.013561
-0.013468
-0.013395
-0.013402
-0.013329
-0.013618
-0.013544
-0.013471
-0.013416
-0.013370
-0.013296
-0.013324
-0.013213
-0.013229
-0.013174
-0.013064
-0.013009
-0.013036
-0.012962
-0.012970
-0.012842
-0.012987
-0.012877
-0.012722
-0.012630
-0.013628
-0.015129
-0.015156
-0.015092
-0.015008
-0.015190
-0.015107
-0.015005
-0.015013
-0.014912
-0.014966
-0.015205
-0.015513
-0.015495
-0.015421
-0.015347
-0.015264
-0.015172
-0.015071
-0.015197
-0.015024
-0.015050
-0.014949
-0.014883
-0.014828
-0.014764
-0.014791
-0.014690
-0.014644
-0.014770
-0.014697
-0.014624
-0.014651
-0.014550
-0.014549
-0.014467
-0.014584
-0.014566
-0.014530
-0.014438
-0.014456
-0.014419
-0.014337
-0.014273
-0.014591
-0.014472
-0.014399
-0.014290
-0.014217
-0.014153
-0.014072
-0.014217
-0.014135
-0.014062
-0.013990
-0.013890
-0.013799
-0.013808
-0.013726
-0.013854
-0.013863
-0.013763
-0.013673
-0.013600
-0.013691
-0.013746
-0.013674
-0.013601
-0.013711
-0.013620
-0.013530
-0.013440
-0.013476
-0.013395
-0.013305
-0.013233
-0.013252
-0.013588
-0.013543
-0.015417
-0.016163
-0.016072
-0.015926
-0.015881
-0.015926
-0.015835
-0.015781
-0.015771
-0.015644
-0.015590
-0.015599
-0.015644
-0.016791
-0.017165
-0.017522
-0.017603
-0.017558
-0.017575
-0.017493
-0.017438
-0.017556
-0.017455
-0.017492
-0.017437
-0.017337
-0.017263
-0.017172
-0.017236
-0.017363
-0.017490
-0.017381
-0.017353
-0.017290
-0.017253
-0.017181
-0.017090
-0.017171
-0.017226
-0.017044
-0.016981
-0.016954
-0.016899
-0.016809
-0.016890
-0.017000
-0.016918
-0.016873
-0.016764
-0.016746
-0.016765
-0.016675
-0.016784
-0.016712
-0.016640
-0.016585
-0.016495
-0.016541
-0.016451
-0.016497
-0.016406
-0.016779
-0.016516
-0.016608
-0.016518
-0.016464
-0.016374
-0.016284
-0.016168
-0.016197
-0.016125
-0.016053
-0.015999
-0.015909
-0.015937
-0.015884
-0.016094
-0.015915
-0.015825
-0.015754
-0.015664
-0.015693
-0.015621
-0.015725
-0.015435
-0.015510
-0.015510
-0.015457
-0.015468
-0.015378
-0.015307
-0.015227
-0.015247
-0.015340
-0.015486
-0.015398
-0.015353
-0.015255
-0.015184
-0.015104
-0.015060
-0.015171
-0.015029
-0.014958
-0.014869
-0.014798
-0.014819
-0.014848
-0.014977
-0.014862
-0.014800
-0.014720
-0.014749
-0.014579
-0.014708
-0.014637
-0.014540
-0.014625
-0.014476
-0.014608
-0.017012
-0.017441
-0.017398
-0.017400
-0.017310
-0.017475
-0.017568
-0.017323
-0.017469
-0.017389
-0.017282
-0.017247
-0.017193
-0.017113
-0.017198
-0.017144
-0.017109
-0.017129
-0.017066
-0.016960
-0.016971
-0.017073
-0.016958
-0.016816
-0.019025
-0.019976
-0.019916
-0.019997
-0.020844
-0.020718
-0.020664
-0.020574
-0.020502
-0.020512
-0.020431
-0.020468
-0.020414
-0.020543
-0.020689
-0.020635
-0.020545
-0.020455
-0.020384
-0.020285
-0.020222
-0.020476
-0.020727
-0.020916
-0.020844
-0.020872
-0.020800
-0.020811
-0.020812
-0.020840
-0.020751
-0.020625
-0.020572
-0.020582
-0.020611
-0.020530
-0.020676
-0.020596
-0.020533
-0.020453
-0.020391
-0.020310
-0.020366
-0.020350
-0.020287
-0.020425
-0.020571
-0.020482
-0.020411
-0.020331
-0.020251
-0.020144
-0.020055
-0.019993
-0.020113
-0.019971
-0.019900
-0.019929
-0.019893
-0.019831
-0.019834
-0.019945
-0.019848
-0.019750
-0.019662
-0.019511
-0.019523
-0.019561
-0.019437
-0.019549
-0.019470
-0.019355
-0.019276
-0.019287
-0.019273
-0.019202
-0.019132
-0.019061
-0.019156
-0.019233
-0.019602
-0.020096
-0.020017
-0.019928
-0.019814
-0.019952
-0.019855
-0.019776
-0.019697
-0.019691
-0.019450
-0.019348
-0.021802
-0.023116
-0.023378
-0.023396
-0.023307
-0.023335
-0.023248
-0.023739
-0.023730
-0.023796
-0.023725
-0.023653
-0.023600
-0.023655
-0.023557
-0.023468
-0.023541
-0.023625
-0.023571
-0.023682
-0.023602
-0.023531
-0.023442
-0.023398
-0.023300
-0.023220
-0.023313
-0.023260
-0.023171
-0.023209
-0.023173
-0.023111
-0.023040
-0.023069
-0.023207
-0.023145
-0.023083
-0.023077
-0.022962
-0.022891
-0.022894
-0.022752
-0.022837
-0.022784
-0.022696
-0.022661
-0.022655
-0.022567
-0.022596
-0.022717
-0.022602
-0.022732
-0.022705
-0.022450
-0.022362
-0.022257
-0.022099
-0.022257
-0.026098
-0.026142
-0.026053
-0.026000
-0.025910
-0.025912
-0.025905
-0.025798
-0.025882
-0.025829
-0.025740
-0.025722
-0.025751
-0.025744
-0.025637
-0.025802
-0.025713
-0.025624
-0.025544
-0.025529
-0.025476
-0.025325
-0.025345
-0.025392
-0.025386
-0.025506
-0.025426
-0.025303
-0.025143
-0.025126
-0.026153
-0.026198
-0.026218
-0.026229
-0.026167
-0.026187
-0.026090
-0.026019
-0.026048
-0.025933
-0.026133
-0.026035
-0.026056
